#ele Pos(m) X_aper(m) Y_aper(m) x(m) xp(rad) y(m) yp(rad) p(rad) W(MeV)
422 1.22 0.0118 0.05 -0.0143863 -0.0192353 0.00876746 0.000994416 60.5246 0.182632
422 1.22 0.0118 0.05 0.0117059 0.0159352 -0.00837312 -0.000600646 -48.1905 0.182628
422 1.22 0.0118 0.05 0.0140634 0.0149431 -0.00185315 0.0070114 -32.3965 0.182629
422 1.22 0.0118 0.05 0.0124165 0.0165831 -0.00789356 0.000158116 -49.1706 0.182628
422 1.22 0.0118 0.05 0.0118531 0.0129049 -0.00179496 0.00572566 -29.5499 0.182633
422 1.22 0.0118 0.05 0.0131348 0.0120114 -0.00100081 0.00788016 -18.5634 0.182625
422 1.22 0.0118 0.05 0.0129033 0.018651 -0.00903204 -0.0019031 -59.8382 0.182627
422 1.22 0.0118 0.05 -0.0150907 -0.0192369 0.00770191 -0.000467194 57.2957 0.182642
422 1.22 0.0118 0.05 0.0148408 0.0180261 -0.00581769 0.00337995 -48.0577 0.182629
422 1.22 0.0118 0.05 -0.0135022 -0.0103562 -0.00290206 -0.0124028 8.863 0.182625
422 1.22 0.0118 0.05 -0.015642 -0.0162568 0.00350806 -0.0065364 36.4764 0.18263
422 1.22 0.0118 0.05 0.0138991 0.01402 -0.00287886 0.00659328 -27.6082 0.182628
422 1.22 0.0118 0.05 -0.0149675 -0.0193704 0.00829539 0.000486393 58.762 0.182626
422 1.22 0.0118 0.05 -0.0130263 -0.0132868 0.00143379 -0.00680932 28.7218 0.182628
422 1.22 0.0118 0.05 -0.0137796 -0.0201008 0.01152 0.00440789 68.3659 0.182628
422 1.22 0.0118 0.05 -0.0138535 -0.0120154 -0.000193476 -0.00985226 17.4269 0.182624
422 1.22 0.0118 0.05 -0.0116691 -0.0179331 0.0110523 0.00419561 63.5943 0.182631
422 1.22 0.0118 0.05 0.012851 0.0150737 -0.00607028 0.00274141 -38.6783 0.182642
422 1.22 0.0118 0.05 -0.0160395 -0.01849 0.00605526 -0.0038055 48.8805 0.182625
422 1.22 0.0118 0.05 -0.0137713 -0.0119825 0.000149196 -0.00893933 17.8124 0.182623
422 1.22 0.0118 0.05 0.0131594 0.0178759 -0.00855005 -0.000366923 -53.7403 0.182624
422 1.22 0.0118 0.05 -0.0159749 -0.0189584 0.00681406 -0.00273219 52.0878 0.18263
422 1.22 0.0118 0.05 -0.0116669 -0.0181568 0.0110931 0.00606532 65.1755 0.182623
422 1.22 0.0118 0.05 0.0138646 0.0174916 -0.00734742 0.00173394 -48.8531 0.182628
422 1.22 0.0118 0.05 -0.0152306 -0.0175711 0.0045206 -0.00435159 46.4038 0.182628
422 1.22 0.0118 0.05 -0.015244 -0.0200297 0.00925673 0.00096016 61.6772 0.182642
422 1.22 0.0118 0.05 0.0134159 0.0181577 -0.00879198 -0.000491651 -54.4039 0.182626
422 1.22 0.0118 0.05 -0.0162788 -0.0166199 0.00318696 -0.0072427 36.2257 0.182624
422 1.22 0.0118 0.05 -0.0119858 -0.0123643 0.00409718 -0.00488587 26.9673 0.182656
422 1.22 0.0118 0.05 -0.0125213 -0.0132561 0.00180344 -0.00594968 30.7665 0.182629
422 1.22 0.0118 0.05 -0.0158176 -0.0160645 0.00229097 -0.00780989 34.2761 0.182644
422 1.22 0.0118 0.05 -0.0119495 -0.0112166 0.00289769 -0.00638591 20.6227 0.182623
422 1.22 0.0118 0.05 0.0142333 0.0143517 -0.00248049 0.00692551 -28.4712 0.182639
422 1.22 0.0118 0.05 0.0154829 0.0150553 -0.000412641 0.00979874 -27.8571 0.182653
422 1.22 0.0118 0.05 -0.0138418 -0.0158798 0.00569031 -0.00301645 41.4521 0.182626
422 1.22 0.0118 0.05 0.0155118 0.0175237 -0.00514159 0.00518677 -42.3909 0.18263
422 1.22 0.0118 0.05 -0.0153967 -0.0157189 0.00260149 -0.00732167 33.9264 0.182636
422 1.22 0.0118 0.05 -0.0129261 -0.0124729 0.00305226 -0.00580283 24.2161 0.182626
422 1.22 0.0118 0.05 0.0153365 0.0147092 -0.000213694 0.00999942 -25.9369 0.182625
422 1.22 0.0118 0.05 0.0128325 0.0156209 -0.00445874 0.00314766 -41.7617 0.182625
422 1.22 0.0118 0.05 -0.013869 -0.0153954 0.00328889 -0.00487543 38.5605 0.182624
422 1.22 0.0118 0.05 -0.0124294 -0.00854815 -0.00313247 -0.0119523 2.10042 0.182623
422 1.22 0.0118 0.05 -0.0128045 -0.0170086 0.00870426 0.00111924 53.0112 0.18263
422 1.22 0.0118 0.05 -0.0171558 -0.0206968 0.00689488 -0.00269735 58.1334 0.182628
422 1.22 0.0118 0.05 -0.0156995 -0.0164589 0.0031746 -0.00663829 37.5486 0.182625
422 1.22 0.0118 0.05 -0.0164399 -0.0214155 0.00938418 0.00086141 65.78 0.182627
422 1.22 0.0118 0.05 0.0122095 0.0118766 0.000174908 0.00845649 -21.7374 0.182625
422 1.22 0.0118 0.05 0.0124425 0.0161738 -0.00793863 0.000504079 -46.6229 0.182625
422 1.22 0.0118 0.05 -0.0154305 -0.0153797 0.00199572 -0.00810805 31.5113 0.182643
422 1.22 0.0118 0.05 0.0121152 0.0122307 -0.00393543 0.00474829 -24.1358 0.182627
422 1.22 0.0118 0.05 -0.0119708 -0.00818835 -0.00381515 -0.0123569 1.89337 0.182624
422 1.22 0.0118 0.05 0.0133202 0.0119194 -0.000821658 0.00826002 -17.1549 0.182626
422 1.22 0.0118 0.05 -0.0140612 -0.0187157 0.00932997 0.0014897 58.3527 0.182628
422 1.22 0.0118 0.05 -0.0132772 -0.0121914 -0.000946182 -0.00995992 20.5511 0.182645
422 1.22 0.0118 0.05 0.0127024 0.0102931 0.00101109 0.00999414 -9.77247 0.182632
422 1.22 0.0118 0.05 -0.0126152 -0.00885004 -0.00326531 -0.0124513 3.21142 0.182627
422 1.22 0.0118 0.05 -0.019353 -0.0222355 0.0061146 -0.00501587 58.5042 0.182638
422 1.22 0.0118 0.05 -0.012843 -0.00966328 -0.00274715 -0.0117896 7.17485 0.182634
422 1.22 0.0118 0.05 0.0127199 0.0102795 0.00266438 0.0115979 -9.69488 0.182632
422 1.22 0.0118 0.05 -0.0168552 -0.0200867 0.00673651 -0.00283135 55.7256 0.182626
422 1.22 0.0118 0.05 0.0121769 0.0116639 0.000387858 0.00854875 -20.7407 0.182645
422 1.22 0.0118 0.05 -0.0135466 -0.017275 0.00811501 -0.000455559 51.3065 0.182642
422 1.22 0.0118 0.05 -0.0118986 -0.0144634 0.00416736 -0.00252019 40.4287 0.18264
422 1.22 0.0118 0.05 -0.0165702 -0.0173491 0.00232407 -0.00802459 39.5027 0.18263
422 1.22 0.0118 0.05 -0.013508 -0.0146642 0.00213801 -0.00599638 35.3424 0.182626
422 1.22 0.0118 0.05 0.0120875 0.0181059 -0.0101274 -0.00283864 -59.9494 0.182638
422 1.22 0.0118 0.05 -0.0137943 -0.0116083 -0.00190928 -0.0114396 14.8517 0.182646
422 1.22 0.0118 0.05 0.0137623 0.0117366 0.0015308 0.0110324 -14.1603 0.182623
422 1.22 0.0118 0.05 -0.0131227 -0.011591 0.00117963 -0.00770346 17.9103 0.182624
422 1.22 0.0118 0.05 -0.0159416 -0.0175582 0.00465314 -0.00503953 43.5852 0.182627
422 1.22 0.0118 0.05 0.0126283 0.0142586 -0.00261523 0.00525966 -34.1549 0.182624
422 1.22 0.0118 0.05 -0.0153909 -0.0198808 0.0079603 9.47641e-006 60.1549 0.182636
422 1.22 0.0118 0.05 -0.0119171 -0.00797332 -0.00442124 -0.012875 0.604415 0.182627
422 1.22 0.0118 0.05 -0.0118254 -0.0110254 0.0026937 -0.00639391 19.8385 0.182626
422 1.22 0.0118 0.05 -0.0144825 -0.0155358 0.00467941 -0.00496825 36.7009 0.182623
422 1.22 0.0118 0.05 0.0121132 0.00868197 0.00374585 0.0123423 -2.56918 0.182642
422 1.22 0.0118 0.05 0.0154667 0.0153163 -0.00197428 0.00850444 -29.2833 0.182639
422 1.22 0.0118 0.05 0.011802 0.00914112 0.00307474 0.0117243 -6.37704 0.182632
422 1.22 0.0118 0.05 -0.0165226 -0.0195948 0.0065564 -0.00295604 53.8066 0.182627
422 1.22 0.0118 0.05 0.0129598 0.0161046 -0.00705579 0.00152358 -44.4307 0.182634
422 1.22 0.0118 0.05 -0.0135389 -0.0125024 0.00112201 -0.00805961 21.8512 0.182627
422 1.22 0.0118 0.05 -0.0119803 -0.0111133 -0.000935208 -0.0091597 19.6181 0.182631
422 1.22 0.0118 0.05 -0.0122629 -0.00996275 0.000524811 -0.00794849 11.4338 0.182624
422 1.22 0.0118 0.05 -0.0121177 -0.010901 0.00247013 -0.00641211 17.8119 0.182626
422 1.22 0.0118 0.05 -0.0154827 -0.0167196 0.00473626 -0.00479096 40.1025 0.182628
422 1.22 0.0118 0.05 -0.0154552 -0.0147605 0.000647081 -0.00943155 27.9958 0.182623
422 1.22 0.0118 0.05 0.013441 0.0115801 0.00204924 0.0112573 -14.537 0.182625
422 1.22 0.0118 0.05 -0.0133643 -0.0111356 -0.000221446 -0.00933241 14.1101 0.182625
422 1.22 0.0118 0.05 0.0136547 0.0187027 -0.00881806 -0.00059005 -56.8416 0.182633
422 1.22 0.0118 0.05 -0.0127191 -0.0118988 0.00277111 -0.00648448 21.5262 0.182626
422 1.22 0.0118 0.05 0.0121208 0.00789341 0.00533208 0.0143555 2.76729 0.182624
422 1.22 0.0118 0.05 0.0137975 0.0151651 -0.00415144 0.00488193 -34.8228 0.182626
422 1.22 0.0118 0.05 -0.0144451 -0.0194524 0.00876286 0.00149662 61.7096 0.182626
422 1.22 0.0118 0.05 -0.0153965 -0.0155941 0.00270872 -0.00708974 33.567 0.182627
422 1.22 0.0118 0.05 0.0151625 0.018626 -0.00616401 0.0029569 -50.4765 0.182627
422 1.22 0.0118 0.05 0.012159 0.010239 0.00235546 0.0110123 -11.9031 0.182628
422 1.22 0.0118 0.05 0.0142297 0.0121251 0.00154315 0.0117381 -14.717 0.182627
422 1.22 0.0118 0.05 0.0137226 0.0122566 0.00129418 0.0108883 -17.3709 0.182625
422 1.22 0.0118 0.05 0.0143589 0.0175775 -0.00677433 0.00251953 -47.528 0.182633
422 1.22 0.0118 0.05 -0.0162764 -0.016325 0.00212772 -0.00827458 34.0696 0.182634
422 1.22 0.0118 0.05 -0.0131913 -0.0199466 0.011649 0.00604666 70.1491 0.182627
422 1.22 0.0118 0.05 -0.0151046 -0.0177156 0.0053666 -0.00319614 48.0783 0.182625
422 1.22 0.0118 0.05 -0.0142093 -0.0116898 -0.00162185 -0.0114389 14.1197 0.182635
422 1.22 0.0118 0.05 0.0126525 0.0116836 -0.00221631 0.00686321 -18.6205 0.182626
422 1.22 0.0118 0.05 -0.0164681 -0.0192384 0.00657034 -0.003188 51.7562 0.182628
422 1.22 0.0118 0.05 0.0137292 0.0116866 0.0021615 0.0116594 -14.0413 0.182634
422 1.22 0.0118 0.05 0.0156075 0.0143201 0.000331477 0.0109843 -22.1114 0.182624
422 1.22 0.0118 0.05 -0.0141813 -0.0186045 0.00873626 0.000775165 57.185 0.182627
422 1.22 0.0118 0.05 0.0128757 0.0131869 -0.00368966 0.00542682 -26.682 0.182627
422 1.22 0.0118 0.05 -0.0166441 -0.0193802 0.00627482 -0.00374083 51.9765 0.182633
422 1.22 0.0118 0.05 0.0148046 0.0185961 -0.00714012 0.00197685 -51.5715 0.182632
422 1.22 0.0118 0.05 -0.0151461 -0.0161312 0.00437891 -0.0052594 37.5731 0.182628
422 1.22 0.0118 0.05 -0.0125023 -0.0152704 0.00466899 -0.00198656 43.2535 0.182625
422 1.22 0.0118 0.05 0.0142302 0.0140265 -0.00185375 0.00789693 -26.1994 0.182626
422 1.22 0.0118 0.05 0.0133943 0.0156685 -0.00584561 0.00312832 -39.8528 0.182625
422 1.22 0.0118 0.05 -0.0140464 -0.0172921 0.00761018 -0.00110286 49.6588 0.182625
422 1.22 0.0118 0.05 -0.0119312 -0.0131882 0.00548259 -0.00302723 32.7988 0.182626
422 1.22 0.0118 0.05 -0.0136609 -0.0122888 0.000683494 -0.00872331 20.1167 0.182623
422 1.22 0.0118 0.05 0.0150027 0.0180824 -0.0064213 0.0032364 -47.8747 0.18263
422 1.22 0.0118 0.05 -0.0164591 -0.0192055 0.00634187 -0.00326076 51.5472 0.182627
422 1.22 0.0118 0.05 0.0156045 0.0170399 -0.00259818 0.00724034 -38.6897 0.182623
422 1.22 0.0118 0.05 0.0153937 0.0172196 -0.00350352 0.00631937 -40.8475 0.182637
422 1.22 0.0118 0.05 0.0123323 0.0167479 -0.00698062 -0.000250899 -51.1166 0.182645
422 1.22 0.0118 0.05 -0.0141776 -0.0127589 0.000494744 -0.00904241 20.7333 0.182624
422 1.22 0.0118 0.05 0.013784 0.0179888 -0.00693407 0.00123362 -52.046 0.182625
422 1.22 0.0118 0.05 -0.0123632 -0.00864772 -0.00324266 -0.0120325 2.72216 0.182632
422 1.22 0.0118 0.05 0.0129556 0.0181078 -0.00859894 -0.000928925 -56.2597 0.182624
422 1.22 0.0118 0.05 0.0129738 0.0151626 -0.00597364 0.00294815 -38.4412 0.182627
422 1.22 0.0118 0.05 -0.0142312 -0.0182975 0.00697497 -0.000434578 55.2229 0.182624
422 1.22 0.0118 0.05 0.0120461 0.0122085 -0.0039124 0.00476088 -24.3565 0.182626
422 1.22 0.0118 0.05 0.0139491 0.0188153 -0.00834056 0.000109914 -56.2785 0.182625
422 1.22 0.0118 0.05 -0.0128761 -0.00966187 -0.00276209 -0.0118804 6.85588 0.182635
422 1.22 0.0118 0.05 0.0135825 0.0110165 0.00229441 0.0118627 -10.5578 0.182631
422 1.22 0.0118 0.05 0.0120286 0.0104273 0.00158965 0.00990144 -13.5705 0.182641
422 1.22 0.0118 0.05 -0.017458 -0.0194953 0.00501892 -0.00538165 49.2579 0.182624
422 1.22 0.0118 0.05 0.0142869 0.014717 -0.00145729 0.00779962 -30.3763 0.182626
422 1.22 0.0118 0.05 0.0139815 0.0144305 -0.00280561 0.00664866 -29.9302 0.182625
422 1.22 0.0118 0.05 0.0125907 0.0131251 -0.00398798 0.00481001 -27.5786 0.182625
422 1.22 0.0118 0.05 -0.0121965 -0.0101996 0.000800087 -0.00804247 12.8511 0.182641
422 1.22 0.0118 0.05 0.0118787 0.0138768 -0.00590506 0.00260575 -35.1164 0.182628
422 1.22 0.0118 0.05 0.0120236 0.0124905 -0.00393923 0.00529803 -26.3088 0.182641
422 1.22 0.0118 0.05 -0.0165198 -0.0190705 0.00523703 -0.00420678 50.4328 0.182624
422 1.22 0.0118 0.05 0.0123105 0.01638 -0.0074302 0.000147413 -48.4557 0.182625
422 1.22 0.0118 0.05 -0.0141003 -0.0176567 0.00629851 -0.0013435 51.6612 0.182625
422 1.22 0.0118 0.05 0.0121747 0.0178306 -0.010026 -0.00251949 -57.6756 0.182635
422 1.22 0.0118 0.05 0.0123428 0.0178299 -0.00890564 -0.00201092 -57.1948 0.182627
422 1.22 0.0118 0.05 -0.0148101 -0.0171472 0.00633291 -0.00302257 45.3135 0.182637
422 1.22 0.0118 0.05 -0.0171086 -0.0217102 0.00853941 -0.000740582 64.2296 0.182645
422 1.22 0.0118 0.05 -0.0156228 -0.0180181 0.00435416 -0.00448773 47.3986 0.182634
422 1.22 0.0118 0.05 0.0133222 0.0189675 -0.00913504 -0.00146977 -59.7198 0.182624
422 1.22 0.0118 0.05 -0.0128566 -0.0102225 -0.00111444 -0.0101935 10.6571 0.182624
422 1.22 0.0118 0.05 0.013706 0.0124163 -0.000747175 0.00883625 -18.7472 0.182624
422 1.22 0.0118 0.05 -0.0137042 -0.0146787 0.0021117 -0.00621898 34.8197 0.182629
422 1.22 0.0118 0.05 0.0118381 0.0167286 -0.00762585 -0.00134184 -52.7648 0.182636
422 1.22 0.0118 0.05 -0.0148027 -0.0134343 -0.000237061 -0.010102 22.5976 0.182623
422 1.22 0.0118 0.05 0.0127236 0.0106039 0.0024705 0.0115474 -11.6125 0.182631
422 1.22 0.0118 0.05 0.0141787 0.0145973 -0.00141012 0.00785607 -29.7793 0.182624
422 1.22 0.0118 0.05 0.0154588 0.0188499 -0.00544082 0.00386411 -50.4383 0.182627
422 1.22 0.0118 0.05 -0.0159275 -0.0177919 0.00521209 -0.00454653 44.8124 0.182626
422 1.22 0.0118 0.05 -0.0142005 -0.0137492 0.00202667 -0.0076877 26.5878 0.182646
422 1.22 0.0118 0.05 -0.0126493 -0.0183547 0.0102131 0.00417414 62.3591 0.182628
422 1.22 0.0118 0.05 -0.0140186 -0.011974 -0.00012923 -0.00983417 16.4857 0.18264
422 1.22 0.0118 0.05 -0.0153275 -0.0141494 -0.000325306 -0.0103652 24.6785 0.182627
422 1.22 0.0118 0.05 0.0140605 0.0159703 -0.00536641 0.00431832 -38.5822 0.182625
422 1.22 0.0118 0.05 0.0142945 0.0162535 -0.00369549 0.00516986 -39.5652 0.182625
422 1.22 0.0118 0.05 -0.0155546 -0.0153982 0.00191015 -0.00818385 31.5947 0.182626
422 1.22 0.0118 0.05 0.0126027 0.011029 -0.000675777 0.00785385 -14.9279 0.182627
422 1.22 0.0118 0.05 0.0144446 0.0133722 0.00025842 0.0100826 -21.5364 0.182631
422 1.22 0.0118 0.05 0.0121541 0.00850665 0.00289275 0.011539 -1.30759 0.182626
422 1.22 0.0118 0.05 -0.0142721 -0.0190824 0.00861809 0.00118816 59.4982 0.182646
422 1.22 0.0118 0.05 -0.0161683 -0.0208084 0.00844163 -9.61023e-005 62.7616 0.182637
422 1.22 0.0118 0.05 0.0133134 0.014363 -0.002006 0.00645343 -32.4755 0.182642
422 1.22 0.0118 0.05 0.0121264 0.0156677 -0.00518505 0.00179288 -44.9938 0.182625
422 1.22 0.0118 0.05 -0.0167326 -0.017745 0.00372238 -0.00673138 41.2971 0.182628
422 1.22 0.0118 0.05 0.0122524 0.0104049 0.00192113 0.0107927 -12.1696 0.182625
422 1.22 0.0118 0.05 -0.0129124 -0.0104571 -0.000795005 -0.00963125 11.9485 0.182625
422 1.22 0.0118 0.05 0.0147586 0.0183312 -0.00697951 0.00221141 -49.9546 0.182624
422 1.22 0.0118 0.05 -0.0129464 -0.00963283 -0.00363079 -0.0128152 6.47748 0.182624
422 1.22 0.0118 0.05 -0.0140914 -0.0118059 -0.00142217 -0.010864 15.2985 0.182627
422 1.22 0.0118 0.05 0.015081 0.0157083 -0.00220561 0.00753358 -33.3863 0.182641
422 1.22 0.0118 0.05 -0.0155764 -0.0150691 0.00122601 -0.00904437 29.1696 0.182636
422 1.22 0.0118 0.05 0.0126776 0.0111268 -0.00141144 0.0077058 -15.0986 0.182639
422 1.22 0.0118 0.05 0.0119485 0.00903457 0.00123167 0.00971848 -5.23775 0.182636
422 1.22 0.0118 0.05 0.0146162 0.0176177 -0.00641081 0.00271819 -46.67 0.182632
422 1.22 0.0118 0.05 -0.0137349 -0.0190853 0.0100367 0.00298467 62.3093 0.182627
422 1.22 0.0118 0.05 -0.0168012 -0.019008 0.00503826 -0.00486315 49.0934 0.182628
422 1.22 0.0118 0.05 0.0122509 0.0125724 -0.000740036 0.00730749 -25.6912 0.182624
422 1.22 0.0118 0.05 -0.0154523 -0.0145224 0.000432905 -0.00959192 26.4 0.182623
422 1.22 0.0118 0.05 -0.0159946 -0.0170368 0.00359141 -0.00619249 39.6629 0.182634
422 1.22 0.0118 0.05 -0.0143012 -0.0146142 0.000946273 -0.00808549 31.5735 0.18264
422 1.22 0.0118 0.05 0.0153386 0.0156615 -0.00180539 0.00832106 -31.8236 0.182633
422 1.22 0.0118 0.05 -0.0152269 -0.0146522 0.000428991 -0.00952421 28.3046 0.182624
422 1.22 0.0118 0.05 -0.0149705 -0.0138781 -0.000243097 -0.0101747 24.2472 0.182634
422 1.22 0.0118 0.05 -0.0145086 -0.0188832 0.00891566 0.000721855 57.8798 0.182624
422 1.22 0.0118 0.05 0.0121001 0.0157846 -0.00789548 0.000338972 -45.999 0.182633
422 1.22 0.0118 0.05 0.0134205 0.01502 -0.00514369 0.0042544 -35.7402 0.182631
422 1.22 0.0118 0.05 0.013668 0.0138706 -0.00331869 0.00647849 -27.7335 0.182623
422 1.22 0.0118 0.05 -0.0119153 -0.015623 0.00823405 0.000245008 48.2755 0.182625
422 1.22 0.0118 0.05 0.0131305 0.0131688 -0.00354727 0.00536232 -25.8329 0.182629
422 1.22 0.0118 0.05 0.0136717 0.0110326 0.00188844 0.0112512 -10.4134 0.182635
422 1.22 0.0118 0.05 0.0126341 0.0147983 -0.0061054 0.00289575 -37.5203 0.182629
422 1.22 0.0118 0.05 0.013137 0.0154651 -0.0039553 0.00398274 -39.8027 0.182633
422 1.22 0.0118 0.05 -0.0138064 -0.012987 0.00199881 -0.00742255 23.6082 0.182625
422 1.22 0.0118 0.05 0.011859 0.0112174 -0.00304741 0.00583774 -18.9316 0.182625
422 1.22 0.0118 0.05 0.0134271 0.0111739 0.00227455 0.0116837 -12.4624 0.182645
422 1.22 0.0118 0.05 -0.0150226 -0.0173554 0.00428853 -0.0041602 45.9588 0.182626
422 1.22 0.0118 0.05 -0.0135071 -0.0142151 0.004324 -0.00520786 32.6874 0.182627
422 1.22 0.0118 0.05 -0.0134729 -0.0162351 0.00692153 -0.00172126 45.356 0.182623
422 1.22 0.0118 0.05 -0.0142121 -0.0135497 0.00177693 -0.00753045 25.6774 0.182625
422 1.22 0.0118 0.05 0.0135523 0.0162041 -0.0064865 0.00280921 -42.2074 0.182625
422 1.22 0.0118 0.05 0.0127592 0.0126602 -0.00019696 0.00839912 -24.218 0.182625
422 1.22 0.0118 0.05 -0.0132934 -0.00910473 -0.00478145 -0.0146971 1.48473 0.182649
422 1.22 0.0118 0.05 0.0159887 0.018187 -0.00453407 0.00553226 -44.4051 0.182629
422 1.22 0.0118 0.05 -0.0156593 -0.0156791 0.00147875 -0.00845623 32.9623 0.182632
422 1.22 0.0118 0.05 -0.0118181 -0.0184637 0.0116039 0.0057737 66.3925 0.182625
422 1.22 0.0118 0.05 -0.012774 -0.011971 0.00245881 -0.00637103 21.7918 0.182624
422 1.22 0.0118 0.05 -0.0143941 -0.0198444 0.00942098 0.00244492 64.2409 0.182626
422 1.22 0.0118 0.05 0.0134576 0.0117546 0.00174259 0.0111305 -15.6877 0.182625
422 1.22 0.0118 0.05 -0.0152576 -0.0196725 0.00837301 -9.28751e-005 59.5162 0.182634
422 1.22 0.0118 0.05 0.0146482 0.0190112 -0.00809175 0.00096095 -54.7634 0.18263
422 1.22 0.0118 0.05 -0.0161743 -0.0179814 0.0043757 -0.00513427 45.2241 0.182627
422 1.22 0.0118 0.05 -0.0119104 -0.00782421 -0.00483283 -0.0137296 -0.363738 0.182627
422 1.22 0.0118 0.05 0.0124258 0.00932988 0.00191727 0.0105374 -5.14777 0.182642
422 1.22 0.0118 0.05 -0.0157245 -0.0214673 0.0104706 0.00236149 68.8657 0.182625
422 1.22 0.0118 0.05 0.0152313 0.0214109 -0.0103514 -0.00132163 -66.6534 0.182637
422 1.22 0.0118 0.05 0.0125249 0.00948833 0.00311117 0.0121081 -5.49446 0.182626
422 1.22 0.0118 0.05 0.0154077 0.019828 -0.00746131 0.00172349 -56.4703 0.182623
422 1.22 0.0118 0.05 0.0154735 0.0193587 -0.00714695 0.00257348 -53.3115 0.182627
422 1.22 0.0118 0.05 0.0119596 0.0121372 -0.00397535 0.00493126 -24.3106 0.182626
422 1.22 0.0118 0.05 0.014735 0.0145411 -0.00201135 0.00773422 -27.2736 0.182627
422 1.22 0.0118 0.05 -0.0140389 -0.0174046 0.00783242 -0.000754635 50.2267 0.182627
422 1.22 0.0118 0.05 -0.0159415 -0.0157976 0.00189553 -0.00832338 32.4638 0.182629
422 1.22 0.0118 0.05 -0.0126104 -0.011818 0.00262246 -0.00665081 21.3992 0.182634
422 1.22 0.0118 0.05 0.0146008 0.014126 2.39233e-005 0.00965135 -25.1165 0.182625
422 1.22 0.0118 0.05 -0.0164169 -0.0175035 0.00345678 -0.00665686 41.1287 0.182627
422 1.22 0.0118 0.05 0.0160027 0.0168755 -0.00350138 0.00707799 -36.0864 0.182628
422 1.22 0.0118 0.05 -0.0164681 -0.020863 0.00859284 -0.000721255 61.9736 0.182634
422 1.22 0.0118 0.05 -0.0161713 -0.0162019 0.00245117 -0.00780248 34.0573 0.182626
422 1.22 0.0118 0.05 0.0123507 0.0130143 -0.00413077 0.0047533 -28.0274 0.182634
422 1.22 0.0118 0.05 -0.0139512 -0.0171628 0.00551698 -0.00209318 49.0011 0.182628
422 1.22 0.0118 0.05 -0.0151053 -0.0176823 0.0046231 -0.00412718 47.2327 0.182643
422 1.22 0.0118 0.05 -0.0158062 -0.0187131 0.00539831 -0.00342185 51.4243 0.182626
422 1.22 0.0118 0.05 -0.0156879 -0.0156403 0.00176981 -0.00824087 32.3592 0.182629
422 1.22 0.0118 0.05 0.0146254 0.0143467 -0.000868943 0.00881132 -26.5317 0.182627
422 1.22 0.0118 0.05 -0.0118429 -0.00946191 0.000669472 -0.00765776 10.0607 0.182628
422 1.22 0.0118 0.05 0.0132354 0.0130589 -0.000387501 0.00849661 -24.6689 0.182646
422 1.22 0.0118 0.05 -0.0122819 -0.00881272 -0.00289008 -0.0117317 3.92325 0.182636
422 1.22 0.0118 0.05 -0.0157884 -0.0199517 0.00852147 -0.00054488 58.9749 0.182626
422 1.22 0.0118 0.05 -0.0158446 -0.017616 0.00459671 -0.00493062 44.4365 0.182623
422 1.22 0.0118 0.05 -0.0159238 -0.0211975 0.00962424 0.00157134 66.5905 0.182623
422 1.22 0.0118 0.05 -0.0162142 -0.0165152 0.00228481 -0.00789857 35.5552 0.182642
422 1.22 0.0118 0.05 -0.0117805 -0.0130374 0.00564364 -0.00304998 32.4991 0.182625
422 1.22 0.0118 0.05 0.0148555 0.0146385 -0.00226631 0.00773269 -27.4815 0.182629
422 1.22 0.0118 0.05 0.0152442 0.0181373 -0.0058925 0.00381374 -47.1294 0.182626
422 1.22 0.0118 0.05 -0.0139576 -0.0114387 -0.00221411 -0.0119564 13.5964 0.182626
422 1.22 0.0118 0.05 0.012908 0.0169718 -0.00779902 0.000348268 -49.8111 0.182642
422 1.22 0.0118 0.05 -0.013351 -0.0144843 0.00490662 -0.00465928 34.8521 0.18263
422 1.22 0.0118 0.05 -0.0144385 -0.0128614 0.000378994 -0.00938147 19.8531 0.182646
422 1.22 0.0118 0.05 -0.0149881 -0.0151354 0.0023327 -0.00722344 32.0619 0.182627
422 1.22 0.0118 0.05 0.0127635 0.0152012 -0.00629594 0.00245661 -39.5903 0.182624
422 1.22 0.0118 0.05 -0.0155556 -0.0176623 0.00539231 -0.00380588 45.5044 0.182625
422 1.22 0.0118 0.05 -0.0179492 -0.0190957 0.00351791 -0.00736323 44.639 0.182625
422 1.22 0.0118 0.05 -0.01184 -0.013289 0.00579463 -0.00277931 33.5963 0.182625
422 1.22 0.0118 0.05 0.0118177 0.0131693 -0.00542806 0.00338128 -31.52 0.182649
422 1.22 0.0118 0.05 -0.0147799 -0.0182345 0.00617191 -0.00191564 52.5082 0.182628
422 1.22 0.0118 0.05 -0.0145474 -0.0191067 0.00920281 0.00103037 59.2228 0.182623
422 1.22 0.0118 0.05 0.0134594 0.0113053 0.00249856 0.0119005 -12.888 0.182628
422 1.22 0.0118 0.05 -0.0134938 -0.0146064 0.0047675 -0.00453027 35.1214 0.182625
422 1.22 0.0118 0.05 -0.017172 -0.0199583 0.00601344 -0.00399076 53.5472 0.182622
422 1.22 0.0118 0.05 -0.0147181 -0.0165199 0.00563762 -0.00375035 42.1705 0.182627
422 1.22 0.0118 0.05 0.0127909 0.0175442 -0.00888256 -0.000925374 -53.8696 0.18264
422 1.22 0.0118 0.05 0.0134934 0.0161082 -0.00622458 0.00287167 -41.8528 0.182625
422 1.22 0.0118 0.05 -0.0150236 -0.014797 0.0015792 -0.00830604 29.6355 0.182654
422 1.22 0.0118 0.05 0.0124433 0.00954572 0.00350095 0.01242 -6.16237 0.182631
422 1.22 0.0118 0.05 0.0148441 0.018354 -0.00679008 0.00264242 -49.7158 0.182625
422 1.22 0.0118 0.05 -0.0157714 -0.0191654 0.00636458 -0.00243585 54.2464 0.182625
422 1.22 0.0118 0.05 -0.0169555 -0.0183004 0.00370877 -0.00661491 43.8049 0.182624
422 1.22 0.0118 0.05 -0.0126185 -0.0110879 0.00128289 -0.00737887 16.6864 0.182624
422 1.22 0.0118 0.05 -0.0145407 -0.0183682 0.00786573 -0.000537964 54.1935 0.182626
422 1.22 0.0118 0.05 -0.0135718 -0.0129254 0.00208011 -0.00678063 24.3675 0.182625
422 1.22 0.0118 0.05 -0.0141859 -0.0203896 0.0111022 0.00410537 68.7388 0.182625
422 1.22 0.0118 0.05 0.0118538 0.00783144 0.00371117 0.0123146 1.69596 0.182626
422 1.22 0.0118 0.05 -0.0144277 -0.0177747 0.00596529 -0.00191828 51.0694 0.182633
422 1.22 0.0118 0.05 -0.0125927 -0.0190657 0.011357 0.00540603 67.0097 0.182636
422 1.22 0.0118 0.05 0.0153129 0.0175305 -0.00539972 0.00471248 -43.2573 0.182637
422 1.22 0.0118 0.05 0.0138575 0.018248 -0.00765115 0.000574444 -53.2621 0.182627
422 1.22 0.0118 0.05 0.0134546 0.0188794 -0.00926635 -0.00132134 -59.3191 0.182647
422 1.22 0.0118 0.05 -0.0145417 -0.0141093 0.00224514 -0.00743354 27.6865 0.182624
422 1.22 0.0118 0.05 0.0126952 0.0123479 -0.00231522 0.00629604 -22.6278 0.182626
422 1.22 0.0118 0.05 -0.0155118 -0.0154068 0.00181389 -0.00814638 31.8984 0.182627
422 1.22 0.0118 0.05 0.0119821 0.0151418 -0.00470858 0.00226598 -42.5337 0.182629
422 1.22 0.0118 0.05 -0.0144416 -0.0199472 0.00991324 0.00268044 64.76 0.182631
422 1.22 0.0118 0.05 0.0146161 0.0160112 -0.00447327 0.00543619 -36.5273 0.182627
422 1.22 0.0118 0.05 0.0131752 0.0208165 -0.012135 -0.00504095 -71.6319 0.182642
422 1.22 0.0118 0.05 0.0122538 0.0130819 -0.00154445 0.00636109 -28.9046 0.182624
422 1.22 0.0118 0.05 0.0135947 0.0122823 0.00127274 0.0106525 -18.4172 0.182632
422 1.22 0.0118 0.05 0.0147185 0.0153191 -0.00184459 0.00780558 -31.8245 0.182623
422 1.22 0.0118 0.05 -0.0154941 -0.0148354 0.000520419 -0.00964664 28.1693 0.182624
422 1.22 0.0118 0.05 -0.0135681 -0.01212 0.00115984 -0.00794147 19.4099 0.182626
422 1.22 0.0118 0.05 0.0144974 0.0138978 -0.00138647 0.00851527 -24.71 0.182639
422 1.22 0.0118 0.05 -0.0120415 -0.00957661 0.00010823 -0.00878745 9.90129 0.182625
422 1.22 0.0118 0.05 -0.0149923 -0.017631 0.00472871 -0.00370522 47.9291 0.182624
422 1.22 0.0118 0.05 -0.0121951 -0.00851444 -0.00404128 -0.0126043 2.85854 0.182626
422 1.22 0.0118 0.05 -0.0120757 -0.0173425 0.0101323 0.00350716 58.2185 0.182626
422 1.22 0.0118 0.05 -0.0164476 -0.0185967 0.00510011 -0.00484308 48.0453 0.182627
422 1.22 0.0118 0.05 -0.0136888 -0.018758 0.00893706 0.00223437 60.606 0.182624
422 1.22 0.0118 0.05 0.0122303 0.00954374 0.000455215 0.00918799 -7.63183 0.18265
422 1.22 0.0118 0.05 0.0118015 0.0175564 -0.00930686 -0.00270708 -57.6017 0.182626
422 1.22 0.0118 0.05 -0.0122795 -0.0155279 0.00789776 -0.000275715 45.5274 0.182639
422 1.22 0.0118 0.05 0.0127412 0.00963568 0.00325304 0.0123857 -5.66605 0.182629
422 1.22 0.0118 0.05 -0.0132682 -0.0118663 0.00155164 -0.00749004 18.7823 0.18263
422 1.22 0.0118 0.05 -0.0136829 -0.0192972 0.00983186 0.00340467 63.8706 0.182626
422 1.22 0.0118 0.05 -0.0126449 -0.0147541 0.00635397 -0.00258524 39.709 0.182628
422 1.22 0.0118 0.05 -0.0120561 -0.0104079 -0.00204441 -0.0105764 14.9864 0.182636
422 1.22 0.0118 0.05 -0.013816 -0.0129715 0.00180883 -0.00733296 23.4257 0.182626
422 1.22 0.0118 0.05 0.0123067 0.0135075 -0.00462399 0.00411468 -30.9939 0.182625
422 1.22 0.0118 0.05 -0.0152599 -0.0138545 -0.00023396 -0.0106387 23.0665 0.182624
422 1.22 0.0118 0.05 0.0134648 0.0189305 -0.00844772 -0.000888012 -58.9637 0.182631
422 1.22 0.0118 0.05 0.0122487 0.0121477 -0.00316936 0.00556947 -23.1734 0.182626
422 1.22 0.0118 0.05 -0.0145221 -0.0148999 0.00304296 -0.00631446 32.5569 0.182627
422 1.22 0.0118 0.05 -0.0121871 -0.00914218 -0.000909993 -0.00953213 6.71015 0.182625
422 1.22 0.0118 0.05 0.0122404 0.0096962 0.00300837 0.011689 -8.26044 0.182637
422 1.22 0.0118 0.05 0.0137075 0.0195498 -0.00910713 -0.00135952 -62.1013 0.182637
422 1.22 0.0118 0.05 -0.0139438 -0.0116729 -0.00113807 -0.0107792 15.1817 0.182625
422 1.22 0.0118 0.05 -0.0120039 -0.0161202 0.00852519 0.000895532 50.7145 0.182623
422 1.22 0.0118 0.05 0.0127913 0.018123 -0.00956644 -0.00194141 -57.3058 0.182638
422 1.22 0.0118 0.05 -0.0159946 -0.0154015 0.0010791 -0.00923576 29.3384 0.182641
422 1.22 0.0118 0.05 -0.0149713 -0.0151042 0.00129817 -0.00819733 32.1588 0.182628
422 1.22 0.0118 0.05 -0.0118996 -0.0189123 0.0122233 0.00696792 68.8578 0.182627
422 1.22 0.0118 0.05 -0.011968 -0.00907049 -0.000531317 -0.00905423 6.89278 0.182642
422 1.22 0.0118 0.05 0.0140165 0.0135856 -3.22126e-005 0.00940676 -24.401 0.182624
422 1.22 0.0118 0.05 -0.0148397 -0.016938 0.00617696 -0.00306219 44.107 0.182626
422 1.22 0.0118 0.05 -0.0124894 -0.0173401 0.0096009 0.00233735 56.6474 0.182624
422 1.22 0.0118 0.05 0.0129055 0.0137038 -0.00145028 0.00685339 -29.7654 0.182624
422 1.22 0.0118 0.05 -0.0157135 -0.0171342 0.00463399 -0.0049796 41.8237 0.182628
422 1.22 0.0118 0.05 -0.0163219 -0.0148328 -0.000101083 -0.0109699 24.6448 0.182631
422 1.22 0.0118 0.05 -0.0167259 -0.0182646 0.00336403 -0.00650836 44.7405 0.182625
422 1.22 0.0118 0.05 -0.013714 -0.0136449 0.00305724 -0.00630163 28.1246 0.182642
422 1.22 0.0118 0.05 0.0130499 0.0191952 -0.00955392 -0.00238581 -62.1181 0.182625
422 1.22 0.0118 0.05 -0.0137573 -0.0191118 0.00943674 0.00278536 62.4004 0.182632
422 1.22 0.0118 0.05 -0.0127825 -0.017853 0.00878955 0.00247587 58.2665 0.182637
422 1.22 0.0118 0.05 0.0120344 0.0110355 -0.00237425 0.00603725 -17.4054 0.182626
422 1.22 0.0118 0.05 -0.0137608 -0.011532 -0.00185956 -0.0112903 15.1887 0.182625
422 1.22 0.0118 0.05 0.0132543 0.0175885 -0.00673364 0.000725368 -51.9262 0.182628
422 1.22 0.0118 0.05 0.0142572 0.0159908 -0.00350506 0.00540444 -38.3443 0.182639
422 1.22 0.0118 0.05 0.0140625 0.0125771 -0.000123565 0.00896262 -18.5155 0.182647
422 1.22 0.0118 0.05 0.0134252 0.0177446 -0.00828649 0.000384868 -52.1349 0.182628
422 1.22 0.0118 0.05 -0.0153629 -0.0167915 0.0029092 -0.00666014 40.7046 0.182646
422 1.22 0.0118 0.05 0.015362 0.0187221 -0.00678325 0.00281179 -49.9651 0.182628
422 1.22 0.0118 0.05 0.0141579 0.0134941 0.000330548 0.00986069 -23.3169 0.182626
422 1.22 0.0118 0.05 0.0120756 0.0107768 -0.00169355 0.00759797 -15.2695 0.182627
422 1.22 0.0118 0.05 0.0143375 0.0132447 0.000472928 0.0103412 -21.2164 0.182628
422 1.22 0.0118 0.05 0.0143661 0.018655 -0.00775317 0.00102373 -53.5875 0.182628
422 1.22 0.0118 0.05 0.0166345 0.017484 -0.00284688 0.00816508 -37.2004 0.182624
422 1.22 0.0118 0.05 -0.0168682 -0.0211661 0.00808465 -0.00101244 62.3915 0.182624
422 1.22 0.0118 0.05 -0.0156309 -0.0162277 0.00370817 -0.0064491 36.4988 0.182623
422 1.22 0.0118 0.05 -0.015234 -0.0159303 0.00271078 -0.00696139 35.8934 0.182649
422 1.22 0.0118 0.05 0.0130457 0.0113241 0.00121237 0.0103292 -14.679 0.18263
422 1.22 0.0118 0.05 -0.0163941 -0.0170992 0.00246736 -0.0077621 38.647 0.182625
422 1.22 0.0118 0.05 0.0136704 0.0150354 -0.00481746 0.00474109 -34.5209 0.182626
422 1.22 0.0118 0.05 -0.0137137 -0.0192345 0.00972463 0.00299408 63.2577 0.182628
422 1.22 0.0118 0.05 -0.0141688 -0.0199841 0.0103228 0.0034343 66.0685 0.182629
422 1.22 0.0118 0.05 0.0127703 0.013474 -0.00146743 0.00688662 -28.8561 0.182624
422 1.22 0.0118 0.05 -0.0149323 -0.018819 0.00770142 -0.000807128 55.2909 0.182632
422 1.22 0.0118 0.05 -0.0126951 -0.011183 0.00195473 -0.00667412 16.8306 0.182631
422 1.22 0.0118 0.05 0.0119935 0.00868761 0.00142502 0.0101416 -3.17383 0.182634
422 1.22 0.0118 0.05 0.0127704 0.00967982 0.00279125 0.0119341 -5.60912 0.182628
422 1.22 0.0118 0.05 -0.0139507 -0.0194912 0.00996158 0.0031027 63.9383 0.182627
422 1.22 0.0118 0.05 -0.0141727 -0.0139972 0.0031115 -0.00635563 28.3318 0.182625
422 1.22 0.0118 0.05 0.0126547 0.0120231 -0.00265327 0.0064478 -20.5781 0.18263
422 1.22 0.0118 0.05 -0.0138696 -0.0115793 -0.000299993 -0.00916061 14.8378 0.182628
422 1.22 0.0118 0.05 -0.0118693 -0.0121996 0.000684 -0.00687222 26.5698 0.182635
422 1.22 0.0118 0.05 -0.0123209 -0.0106923 0.00164755 -0.00715365 15.6516 0.182625
422 1.22 0.0118 0.05 -0.0120917 -0.0110245 0.00240628 -0.00622221 18.6152 0.182636
422 1.22 0.0118 0.05 -0.0124355 -0.00950637 -0.00181769 -0.0101149 7.90973 0.182633
422 1.22 0.0118 0.05 -0.0121299 -0.0084666 -0.00329269 -0.0118348 2.53822 0.182635
422 1.22 0.0118 0.05 0.0119135 0.00775147 0.00539606 0.0144814 2.6796 0.182625
422 1.22 0.0118 0.05 -0.0153279 -0.0143799 2.16622e-005 -0.00999256 26.0682 0.182628
422 1.22 0.0118 0.05 0.0116778 0.0165428 -0.00904477 -0.00152557 -52.0263 0.182627
422 1.22 0.0118 0.05 -0.0166434 -0.0176799 0.00304556 -0.00726083 41.225 0.182626
422 1.22 0.0118 0.05 -0.0172943 -0.0206599 0.00674757 -0.00306211 57.4938 0.182625
422 1.22 0.0118 0.05 -0.0152514 -0.0173928 0.00584572 -0.00344824 45.2541 0.182623
422 1.22 0.0118 0.05 -0.0137103 -0.0154308 0.00306172 -0.00490311 39.498 0.182624
422 1.22 0.0118 0.05 0.0152429 0.0173658 -0.00470952 0.00488014 -42.4045 0.182628
422 1.22 0.0118 0.05 0.0145688 0.0183743 -0.00742984 0.00187163 -51.1097 0.182627
422 1.22 0.0118 0.05 0.0126495 0.018038 -0.0094656 -0.00170313 -57.1935 0.182642
422 1.22 0.0118 0.05 -0.0134748 -0.0113385 -0.00121759 -0.0102379 14.9249 0.182624
422 1.22 0.0118 0.05 0.0125773 0.0135277 -0.00452066 0.00448543 -30.049 0.182631
422 1.22 0.0118 0.05 -0.0124173 -0.0110235 0.00177931 -0.00703938 17.2043 0.182627
422 1.22 0.0118 0.05 0.0132219 0.0161569 -0.00473012 0.00313569 -43.5593 0.182629
422 1.22 0.0118 0.05 -0.0134293 -0.0187189 0.00931372 0.00275929 61.3154 0.182628
422 1.22 0.0118 0.05 -0.0118053 -0.0169358 0.0102694 0.00329081 56.8018 0.182627
422 1.22 0.0118 0.05 0.0141834 0.013878 -0.000598754 0.00902988 -25.4286 0.182624
422 1.22 0.0118 0.05 -0.0123991 -0.0157576 0.00552793 -0.000976326 46.7903 0.182624
422 1.22 0.0118 0.05 -0.0130087 -0.0124852 0.00322841 -0.00581171 23.8987 0.182633
422 1.22 0.0118 0.05 0.0124595 0.0119409 0.000325046 0.00881817 -21.0319 0.182625
422 1.22 0.0118 0.05 -0.0130821 -0.0188891 0.010308 0.00398769 63.9476 0.182625
422 1.22 0.0118 0.05 0.0129488 0.0108064 0.00198883 0.0109615 -11.8634 0.182629
422 1.22 0.0118 0.05 -0.0169154 -0.0198455 0.00600179 -0.00366375 53.8263 0.182628
422 1.22 0.0118 0.05 0.0121674 0.00858297 0.00353107 0.0118963 -1.39444 0.182623
422 1.22 0.0118 0.05 0.0119566 0.0154905 -0.00754839 0.000399642 -44.7301 0.182626
422 1.22 0.0118 0.05 0.0136864 0.0107437 0.00205188 0.0116102 -8.50677 0.182625
422 1.22 0.0118 0.05 0.0136379 0.0142348 -0.00388098 0.00539704 -29.805 0.182623
422 1.22 0.0118 0.05 -0.0155514 -0.0195853 0.00801833 -0.000532637 57.9165 0.182626
422 1.22 0.0118 0.05 -0.0133002 -0.0152113 0.00349126 -0.00409346 39.7851 0.18263
422 1.22 0.0118 0.05 0.0154986 0.0198623 -0.00731014 0.00185814 -56.3481 0.182627
422 1.22 0.0118 0.05 0.013457 0.0165372 -0.00701991 0.00220158 -44.8142 0.182627
422 1.22 0.0118 0.05 0.0120913 0.0174661 -0.00822328 -0.00158324 -56.0783 0.182631
422 1.22 0.0118 0.05 -0.0178565 -0.020141 0.00462753 -0.00584364 51.5327 0.182638
422 1.22 0.0118 0.05 -0.0140891 -0.0196022 0.00980199 0.00267363 63.9811 0.182628
422 1.22 0.0118 0.05 0.0158519 0.0191209 -0.00616947 0.00368741 -50.2939 0.182624
422 1.22 0.0118 0.05 0.0137954 0.0168514 -0.00682631 0.00206815 -45.1284 0.182633
422 1.22 0.0118 0.05 -0.0144348 -0.0138519 0.00202063 -0.00762203 26.2654 0.18264
422 1.22 0.0118 0.05 -0.014823 -0.015126 0.00297627 -0.00659513 33.0358 0.182625
422 1.22 0.0118 0.05 -0.0140655 -0.0165403 0.00654453 -0.00230391 44.9943 0.182628
422 1.22 0.0118 0.05 -0.0130802 -0.0183737 0.0101517 0.00252505 60.427 0.182643
422 1.22 0.0118 0.05 -0.0152062 -0.0212306 0.0109079 0.00330267 69.7044 0.182634
422 1.22 0.0118 0.05 -0.0153067 -0.0178573 0.00661478 -0.00277093 47.6455 0.182637
422 1.22 0.0118 0.05 -0.0157165 -0.0174048 0.00425184 -0.00520025 43.0823 0.182644
422 1.22 0.0118 0.05 -0.0168862 -0.01968 0.00554551 -0.00417186 53.0301 0.182624
422 1.22 0.0118 0.05 -0.0141346 -0.0171095 0.00515437 -0.00252541 48.0876 0.182625
422 1.22 0.0118 0.05 0.0128442 0.0107144 0.00222798 0.0112197 -11.6689 0.18263
422 1.22 0.0118 0.05 -0.0126738 -0.0112209 0.00164266 -0.00708864 17.2834 0.182627
422 1.22 0.0118 0.05 0.012292 0.016772 -0.00844588 -0.000573848 -50.7123 0.182626
422 1.22 0.0118 0.05 -0.0138185 -0.0189271 0.00918165 0.00200351 60.7403 0.182626
422 1.22 0.0118 0.05 -0.0120965 -0.0180856 0.0106996 0.00478486 62.6053 0.182641
422 1.22 0.0118 0.05 -0.013653 -0.0191836 0.0106382 0.00318149 63.0828 0.182626
422 1.22 0.0118 0.05 0.0131745 0.019328 -0.0103898 -0.00256447 -62.4882 0.182625
422 1.22 0.0118 0.05 -0.0149493 -0.0195146 0.00808242 0.000329138 59.8622 0.182627
422 1.22 0.0118 0.05 0.012094 0.00820545 0.00370054 0.0126754 0.227882 0.182635
422 1.22 0.0118 0.05 0.0119834 0.0170395 -0.00895988 -0.00168375 -53.6459 0.182625
422 1.22 0.0118 0.05 0.0148169 0.0177878 -0.0063942 0.0030581 -46.4965 0.182623
422 1.22 0.0118 0.05 0.0152987 0.0154634 -0.00203319 0.00810119 -30.7205 0.182629
422 1.22 0.0118 0.05 -0.0150332 -0.0165734 0.00343133 -0.00547377 40.8303 0.182627
422 1.22 0.0118 0.05 0.0134304 0.0113807 0.00113352 0.0105302 -13.3765 0.182626
422 1.22 0.0118 0.05 0.01274 0.0100246 0.000958837 0.0102058 -7.9187 0.182626
422 1.22 0.0118 0.05 -0.0170712 -0.0203742 0.00626279 -0.00319948 56.3739 0.182622
422 1.22 0.0118 0.05 -0.0130333 -0.016412 0.00577953 -0.00107358 48.2776 0.182625
422 1.22 0.0118 0.05 0.0139879 0.0189063 -0.00734895 0.000576744 -56.7861 0.182625
422 1.22 0.0118 0.05 -0.0129304 -0.0165503 0.0060374 -0.000685823 49.6023 0.182626
422 1.22 0.0118 0.05 -0.0152449 -0.0149546 0.000926896 -0.00877672 29.9817 0.182631
422 1.22 0.0118 0.05 0.0141169 0.018311 -0.0075947 0.000926524 -52.9961 0.182641
422 1.22 0.0118 0.05 0.0144821 0.0135427 0.000698007 0.0103379 -22.5712 0.182645
422 1.22 0.0118 0.05 -0.0132259 -0.0144444 0.00512265 -0.00397033 35.0827 0.182625
422 1.22 0.0118 0.05 0.0117964 0.00821197 0.00270221 0.0108107 -1.26331 0.182649
422 1.22 0.0118 0.05 -0.0153009 -0.0165627 0.00472808 -0.0048146 39.6639 0.182626
422 1.22 0.0118 0.05 -0.012303 -0.0156487 0.00812092 -5.82246e-005 46.471 0.182624
422 1.22 0.0118 0.05 -0.0139586 -0.0154712 0.00306846 -0.00527008 38.3973 0.182626
422 1.22 0.0118 0.05 0.0121507 0.018413 -0.00981913 -0.00318201 -61.448 0.182625
422 1.22 0.0118 0.05 0.0121135 0.0100695 -0.000647662 0.00821297 -10.9476 0.182627
422 1.22 0.0118 0.05 0.0118494 0.0128261 -0.00171287 0.00574819 -28.9922 0.182638
422 1.22 0.0118 0.05 -0.0129625 -0.0117999 0.0017932 -0.00704096 19.9163 0.182629
422 1.22 0.0118 0.05 -0.0128626 -0.0182595 0.0103154 0.00308117 60.7752 0.182624
422 1.22 0.0118 0.05 0.013823 0.0190037 -0.00827849 -0.000518766 -57.8687 0.182627
422 1.22 0.0118 0.05 -0.0117683 -0.0174081 0.00930485 0.00428784 60.0406 0.182627
422 1.22 0.0118 0.05 -0.0122257 -0.0177873 0.0105069 0.00375267 60.339 0.18263
422 1.22 0.0118 0.05 -0.014148 -0.0141494 0.00110024 -0.00814281 29.3593 0.182644
422 1.22 0.0118 0.05 0.0120739 0.0133115 -0.00517839 0.00395377 -31.041 0.182625
422 1.22 0.0118 0.05 -0.0153373 -0.0154826 0.0022877 -0.00751643 32.9887 0.182627
422 1.22 0.0118 0.05 -0.0150682 -0.0203488 0.00992225 0.00175803 64.2067 0.182651
422 1.22 0.0118 0.05 0.0121502 0.0103058 -0.000852357 0.00773729 -12.1315 0.182626
422 1.22 0.0118 0.05 0.0134098 0.0142891 -0.00405047 0.00494155 -31.252 0.18263
422 1.22 0.0118 0.05 0.0132057 0.00997885 0.00372958 0.013242 -5.82499 0.182627
422 1.22 0.0118 0.05 -0.0134144 -0.0101954 -0.00243635 -0.0117467 7.96926 0.182625
422 1.22 0.0118 0.05 -0.015182 -0.0156057 0.00265988 -0.00687491 34.4278 0.182629
422 1.22 0.0118 0.05 -0.0122839 -0.0131185 0.00476146 -0.0041538 30.7763 0.182633
422 1.22 0.0118 0.05 0.0128619 0.00997952 0.00255929 0.011688 -6.97681 0.182626
422 1.22 0.0118 0.05 0.0150339 0.016408 -0.00276088 0.0069174 -37.1697 0.182623
422 1.22 0.0118 0.05 -0.013991 -0.0184241 0.00896869 0.00095373 57.1618 0.182625
422 1.22 0.0118 0.05 0.0128342 0.0114448 0.00147575 0.0103403 -16.3249 0.182626
422 1.22 0.0118 0.05 -0.0145697 -0.0192244 0.00906789 0.000751482 59.4166 0.182632
422 1.22 0.0118 0.05 -0.0135249 -0.0121914 0.00140429 -0.00783483 19.8562 0.182631
422 1.22 0.0118 0.05 -0.0120203 -0.0142618 0.00371517 -0.0028986 38.8669 0.182626
422 1.22 0.0118 0.05 -0.0147164 -0.0186079 0.00752324 -0.000752769 55.0277 0.182626
422 1.22 0.0118 0.05 0.0150277 0.0139086 -0.00050855 0.00973537 -22.2868 0.182644
422 1.22 0.0118 0.05 0.0142916 0.0162598 -0.0039616 0.00506139 -39.7719 0.182632
422 1.22 0.0118 0.05 0.0138677 0.0173403 -0.00741961 0.0018204 -47.9798 0.182628
422 1.22 0.0118 0.05 0.012352 0.0151203 -0.00689009 0.00140068 -40.7515 0.182626
422 1.22 0.0118 0.05 -0.016381 -0.0181055 0.004213 -0.00556954 45.2576 0.182625
422 1.22 0.0118 0.05 -0.0121395 -0.00869656 -0.00170243 -0.00983044 4.17058 0.182629
422 1.22 0.0118 0.05 -0.0174089 -0.0208926 0.00777909 -0.00236119 58.2764 0.182628
422 1.22 0.0118 0.05 -0.0152462 -0.0144261 0.000565052 -0.00957124 26.5647 0.182628
422 1.22 0.0118 0.05 0.0121424 0.018782 -0.0107248 -0.00388187 -63.5295 0.182625
422 1.22 0.0118 0.05 -0.0126826 -0.00986159 -0.000851806 -0.00975026 8.95099 0.182624
422 1.22 0.0118 0.05 0.0123291 0.0129025 -0.00414408 0.00498646 -27.2485 0.182632
422 1.22 0.0118 0.05 0.0117872 0.00798266 0.00499331 0.0140147 0.92381 0.182623
422 1.22 0.0118 0.05 0.0134518 0.0137812 -0.00331858 0.00566283 -27.9673 0.182626
422 1.22 0.0118 0.05 0.0128776 0.0167517 -0.00790473 0.000566237 -48.6707 0.182642
422 1.22 0.0118 0.05 0.0147359 0.0143628 -0.000927929 0.00891168 -26.0429 0.182625
422 1.22 0.0118 0.05 0.0150693 0.0143497 -0.00115536 0.00903871 -24.8443 0.182629
422 1.22 0.0118 0.05 0.0139424 0.0169565 -0.00530967 0.00304954 -45.4246 0.18263
422 1.22 0.0118 0.05 -0.0124247 -0.0129989 0.00461976 -0.00464822 29.4525 0.182625
422 1.22 0.0118 0.05 -0.0160261 -0.0170985 0.00287299 -0.00683753 40.3548 0.182624
422 1.22 0.0118 0.05 -0.0165236 -0.017663 0.0040809 -0.0062016 41.5412 0.182625
422 1.22 0.0118 0.05 -0.0119576 -0.0184151 0.0109245 0.00609556 65.5346 0.182624
422 1.22 0.0118 0.05 0.0121256 0.0121048 -0.00347177 0.00521299 -23.3716 0.182633
422 1.22 0.0118 0.05 0.0127595 0.0191402 -0.0102486 -0.00295661 -63.3612 0.182627
422 1.22 0.0118 0.05 -0.0136149 -0.0116261 -5.14696e-005 -0.00940856 16.2977 0.182626
422 1.22 0.0118 0.05 0.0125892 0.0187521 -0.00950552 -0.00292561 -61.3598 0.182625
422 1.22 0.0118 0.05 0.0138721 0.0176862 -0.00740233 0.00157052 -49.9856 0.182626
422 1.22 0.0118 0.05 0.0135175 0.0138511 -0.0034291 0.00680058 -28.0356 0.182625
422 1.22 0.0118 0.05 0.0131141 0.0141291 -0.00194683 0.00635147 -31.6926 0.182628
422 1.22 0.0118 0.05 0.0145438 0.0153863 -0.00216849 0.00715652 -33.5041 0.182632
422 1.22 0.0118 0.05 -0.0118497 -0.00867302 -0.00122948 -0.0101484 4.90826 0.182628
422 1.22 0.0118 0.05 -0.0143879 -0.0199406 0.00975701 0.0026614 64.877 0.182627
422 1.22 0.0118 0.05 -0.0153134 -0.0163809 0.00412191 -0.00561338 38.4303 0.182652
422 1.22 0.0118 0.05 -0.0131287 -0.018659 0.00934703 0.00339885 62.1778 0.182628
422 1.22 0.0118 0.05 -0.0172573 -0.0170983 0.00160133 -0.00952985 35.3583 0.182627
422 1.22 0.0118 0.05 -0.0175312 -0.0191186 0.00414819 -0.00639324 46.6191 0.182633
422 1.22 0.0118 0.05 0.0122048 0.0160717 -0.00807134 -2.9196e-005 -47.0094 0.182625
422 1.22 0.0118 0.05 -0.0145787 -0.0147103 0.00329609 -0.00633548 31.1293 0.182644
422 1.22 0.0118 0.05 -0.0151035 -0.0164743 0.00431726 -0.00518883 39.5688 0.182654
422 1.22 0.0118 0.05 -0.0165969 -0.0210619 0.00879785 -0.000400797 62.9497 0.182624
422 1.22 0.0118 0.05 -0.0162465 -0.0212092 0.0089 0.00061043 65.0524 0.182642
422 1.22 0.0118 0.05 -0.0165593 -0.018554 0.00482604 -0.00487396 46.9421 0.182627
422 1.22 0.0118 0.05 0.0120609 0.00942608 0.000353663 0.00889362 -7.33082 0.182629
422 1.22 0.0118 0.05 -0.0145379 -0.0139386 0.00223719 -0.00747321 26.6212 0.182624
422 1.22 0.0118 0.05 -0.012365 -0.0120464 -2.33233e-005 -0.00815543 23.7944 0.182641
422 1.22 0.0118 0.05 -0.0122682 -0.0187908 0.0115378 0.00521871 66.8431 0.182623
422 1.22 0.0118 0.05 -0.0142534 -0.0144716 0.00322387 -0.00629649 31.2602 0.182629
422 1.22 0.0118 0.05 -0.0120203 -0.00902257 -0.000666846 -0.00945014 6.39296 0.182624
422 1.22 0.0118 0.05 0.0153667 0.0179163 -0.00507297 0.00452486 -45.1663 0.182625
422 1.22 0.0118 0.05 -0.0144059 -0.0162838 0.0058853 -0.00332528 41.9487 0.182627
422 1.22 0.0118 0.05 -0.0156776 -0.0158613 0.00308038 -0.00702267 34.1143 0.182626
422 1.22 0.0118 0.05 -0.0141818 -0.0183625 0.00738777 -0.000181762 55.59 0.182648
422 1.22 0.0118 0.05 0.0119845 0.0162419 -0.00774535 6.43815e-005 -49.0101 0.182628
422 1.22 0.0118 0.05 -0.0167771 -0.0196837 0.00642783 -0.00323978 53.512 0.182625
422 1.22 0.0118 0.05 -0.0126106 -0.0112807 0.00170902 -0.00733409 17.9672 0.182631
422 1.22 0.0118 0.05 -0.0140618 -0.0142059 0.0013289 -0.00760008 30.1719 0.182627
422 1.22 0.0118 0.05 -0.0130193 -0.0111692 0.00092687 -0.00818624 15.3994 0.182632
422 1.22 0.0118 0.05 -0.0128444 -0.0154481 0.00530261 -0.00405927 43.0508 0.182634
422 1.22 0.0118 0.05 0.0122897 0.013567 -0.00433683 0.00596166 -31.6767 0.182629
422 1.22 0.0118 0.05 -0.0129373 -0.0118634 0.00175524 -0.00907392 20.5474 0.182624
422 1.22 0.0118 0.05 -0.0136634 -0.0149823 0.00426707 -0.00633879 36.7883 0.182623
422 1.22 0.0118 0.05 -0.0127029 -0.0127208 0.00288702 -0.00736363 26.6299 0.182628
422 1.22 0.0118 0.05 0.0130022 0.0154809 -0.00522638 0.00500783 -40.1198 0.182626
422 1.22 0.0118 0.05 0.012567 0.0150799 -0.00495061 0.00473686 -39.3309 0.182622
422 1.22 0.0118 0.05 -0.0120977 -0.0135931 0.00486265 -0.0050575 34.8502 0.182624
422 1.22 0.0118 0.05 -0.0123146 -0.017425 0.00865502 0.00019732 57.7001 0.182629
422 1.22 0.0118 0.05 0.0118591 0.0120514 -0.00198154 0.007645 -24.0002 0.182625
422 1.22 0.0118 0.05 -0.0116457 -0.0168029 0.00845843 0.000883992 56.5302 0.182625
422 1.22 0.0118 0.05 -0.0120985 -0.0118657 0.00159994 -0.00802586 23.9128 0.182625
422 1.22 0.0118 0.05 -0.0129921 -0.0174028 0.00774468 -0.00110318 54.818 0.182627
422 1.22 0.0118 0.05 -0.0138919 -0.0169756 0.00599617 -0.00398165 48.34 0.182628
422 1.22 0.0118 0.05 0.0126363 0.0178834 -0.00801105 0.00138145 -56.157 0.18263
422 1.22 0.0118 0.05 -0.0129967 -0.0158115 0.00640684 -0.00368339 44.8705 0.182626
422 1.22 0.0118 0.05 -0.0119072 -0.0103415 0.000377225 -0.00950896 15.06 0.182624
422 1.22 0.0118 0.05 -0.011696 -0.0171754 0.00875838 0.00112355 58.7041 0.182631
422 1.22 0.0118 0.05 -0.012243 -0.0121447 0.0023021 -0.00750697 25.1457 0.182626
422 1.22 0.0118 0.05 -0.0130399 -0.016318 0.0065639 -0.00289187 47.9089 0.182624
422 1.22 0.0118 0.05 -0.0132117 -0.0132929 0.00236515 -0.00813341 28.0724 0.182628
422 1.22 0.0118 0.05 -0.0121964 -0.0168562 0.00759843 -0.000593463 54.5411 0.18264
422 1.22 0.0118 0.05 -0.0123484 -0.0123078 0.00293682 -0.00694028 25.6681 0.182626
422 1.22 0.0118 0.05 -0.0127154 -0.0124016 0.00245647 -0.00785013 24.634 0.182624
422 1.22 0.0118 0.05 0.0128964 0.0124399 -0.00153183 0.00897395 -22.2297 0.182628
422 1.22 0.0118 0.05 -0.0121868 -0.0173692 0.00856236 0.000360559 57.9964 0.182633
422 1.22 0.0118 0.05 -0.0120325 -0.0113121 0.00201114 -0.00790872 20.5683 0.182628
422 1.22 0.0118 0.05 -0.0129151 -0.0144937 0.00505717 -0.0051382 36.8037 0.182624
422 1.22 0.0118 0.05 -0.0123979 -0.0164818 0.0074992 -0.00129219 51.2386 0.182641
422 1.22 0.0118 0.05 -0.0119261 -0.0139652 0.00552319 -0.00425073 37.6151 0.182637
422 1.22 0.0118 0.05 -0.0119773 -0.00994872 -0.000400692 -0.0107256 12.4382 0.182629
422 1.22 0.0118 0.05 -0.0125236 -0.0135194 0.00428387 -0.0056981 32.314 0.182625
422 1.22 0.0118 0.05 -0.0126208 -0.0161901 0.00647121 -0.00225309 48.4527 0.182635
422 1.22 0.0118 0.05 0.0122027 0.0149544 -0.00535595 0.00425143 -40.1381 0.182623
422 1.22 0.0118 0.05 -0.0140742 -0.0158979 0.00412929 -0.0061462 40.7267 0.182623
422 1.22 0.0118 0.05 -0.0127211 -0.0178082 0.00839603 -2.81308e-005 58.5176 0.182627
422 1.22 0.0118 0.05 -0.0128006 -0.0166343 0.0073872 -0.00188768 50.9475 0.182625
422 1.22 0.0118 0.05 -0.012195 -0.0166722 0.00731873 -0.000552957 53.3284 0.182628
422 1.22 0.0118 0.05 0.0126297 0.0120346 -0.0010762 0.00932728 -20.8262 0.182626
422 1.22 0.0118 0.05 -0.0132165 -0.0151992 0.00424677 -0.00548786 39.997 0.182623
422 1.22 0.0118 0.05 -0.0135426 -0.0147333 0.00403633 -0.00654786 35.6633 0.182625
422 1.22 0.0118 0.05 0.0125639 0.0117333 -0.001243 0.00909215 -19.4243 0.182649
422 1.22 0.0118 0.05 -0.0125546 -0.0130403 0.00359853 -0.0065405 29.242 0.182622
422 1.22 0.0118 0.05 -0.0129721 -0.0147477 0.00415808 -0.00532301 38.2044 0.182628
422 1.22 0.0118 0.05 -0.0127647 -0.0158504 0.00583213 -0.00335957 45.5362 0.182642
422 1.22 0.0118 0.05 -0.0120045 -0.0103588 0.000321363 -0.009728 14.6665 0.18264
422 1.22 0.0118 0.05 -0.0120246 -0.0121426 0.00207313 -0.00727436 25.7878 0.182627
422 1.22 0.0118 0.05 0.0119085 0.0111713 -0.00135856 0.0085604 -18.4993 0.182627
422 1.22 0.0118 0.05 -0.0132972 -0.0166143 0.00650815 -0.00300433 48.4604 0.182628
422 1.22 0.0118 0.05 -0.0121697 -0.013444 0.00305951 -0.00598063 33.5553 0.182626
422 1.22 0.0118 0.05 -0.0127216 -0.0132818 0.00287866 -0.00690762 30.1745 0.182625
422 1.22 0.0118 0.05 -0.0120252 -0.0165618 0.00711199 -0.000439701 53.4351 0.18263
422 1.22 0.0118 0.05 -0.0129167 -0.0129448 0.00273615 -0.00777022 27.0015 0.182648
422 1.22 0.0118 0.05 -0.0126774 -0.0123391 0.0019958 -0.00815328 24.392 0.182625
422 1.22 0.0118 0.05 -0.0119139 -0.0166629 0.00809906 -3.6529e-005 54.3921 0.182635
422 1.22 0.0118 0.05 0.012625 0.01267 -0.00279574 0.00756792 -24.7521 0.182624
422 1.22 0.0118 0.05 -0.012463 -0.0117895 0.00112132 -0.00892211 22.1003 0.182624
422 1.22 0.0118 0.05 0.0127662 0.0133876 -0.00284842 0.00752117 -28.4403 0.182623
422 1.22 0.0118 0.05 0.0119361 0.0160105 -0.00700061 0.00215005 -47.7432 0.182629
422 1.22 0.0118 0.05 -0.0125692 -0.0135589 0.00323394 -0.00627728 32.2799 0.182624
422 1.22 0.0118 0.05 0.0122373 0.0149788 -0.00490406 0.00439756 -40.59 0.182646
422 1.22 0.0118 0.05 0.0122493 0.0120011 -0.00170747 0.00832177 -22.2117 0.182624
422 1.22 0.0118 0.05 0.0124468 0.013002 -0.0032708 0.00686894 -27.4759 0.182626
422 1.22 0.0118 0.05 -0.0117322 -0.0156798 0.00740521 -0.00104854 49.112 0.182625
422 1.22 0.0118 0.05 -0.0130808 -0.014089 0.00418676 -0.00612267 33.4088 0.182629
422 1.22 0.0118 0.05 -0.0132526 -0.0145519 0.00441566 -0.00590787 35.9905 0.182625
422 1.22 0.0118 0.05 -0.0133908 -0.0161524 0.00614036 -0.00371909 45.4337 0.182626
422 1.22 0.0118 0.05 -0.0134633 -0.0173532 0.0068903 -0.00253388 52.3501 0.182645
422 1.22 0.0118 0.05 -0.0127395 -0.0163363 0.00716417 -0.00242387 49.194 0.182627
422 1.22 0.0118 0.05 -0.0117211 -0.0168307 0.0079694 0.00077176 56.5929 0.182626
422 1.22 0.0118 0.05 -0.0125968 -0.012486 0.0023624 -0.00771219 25.4634 0.18263
422 1.22 0.0118 0.05 -0.0120281 -0.011292 0.00161692 -0.00826796 20.614 0.182623
422 1.22 0.0118 0.05 -0.0129778 -0.0154044 0.00505484 -0.00422073 42.4136 0.182627
422 1.22 0.0118 0.05 0.0125999 0.0144364 -0.00410537 0.00588534 -35.6444 0.182626
422 1.22 0.0118 0.05 0.0119019 0.0133633 -0.00439666 0.00557625 -31.8802 0.182625
422 1.22 0.0118 0.05 -0.0138704 -0.0150625 0.00405418 -0.00680124 36.6213 0.182629
422 1.22 0.0118 0.05 -0.0134244 -0.0185255 0.00872989 -0.000242044 60.2556 0.182624
422 1.22 0.0118 0.05 -0.013604 -0.0164251 0.00578167 -0.00412525 45.9628 0.182624
422 1.22 0.0118 0.05 -0.0122008 -0.0152467 0.00664122 -0.0029018 44.5538 0.182632
422 1.22 0.0118 0.05 -0.0133438 -0.015585 0.0055577 -0.00474509 41.8944 0.182627
422 1.22 0.0118 0.05 -0.0132415 -0.0158435 0.00604509 -0.00404574 43.9968 0.182634
422 1.22 0.0118 0.05 -0.0127024 -0.015063 0.0047847 -0.00454799 41.091 0.182648
422 1.22 0.0118 0.05 -0.0119963 -0.0110343 0.00176117 -0.00820431 19.2693 0.182625
422 1.22 0.0118 0.05 0.0127677 0.0134936 -0.00295158 0.00732007 -29.0357 0.182625
422 1.22 0.0118 0.05 0.0124677 0.012278 -0.00245429 0.00800184 -22.78 0.182624
422 1.22 0.0118 0.05 -0.0122256 -0.0118737 0.00285443 -0.00734481 23.3648 0.182623
422 1.22 0.0118 0.05 -0.0123373 -0.0125571 0.00332592 -0.00662278 26.9874 0.182638
422 1.22 0.0118 0.05 -0.0122822 -0.0172103 0.00780038 -1.59718e-005 56.2608 0.182637
422 1.22 0.0118 0.05 -0.0116941 -0.0162298 0.00785844 -0.000249999 53.0298 0.182623
422 1.22 0.0118 0.05 0.0128434 0.0130063 -0.00210079 0.0082819 -25.9876 0.182641
422 1.22 0.0118 0.05 -0.0132114 -0.0135401 0.00253677 -0.00779578 29.7419 0.182625
422 1.22 0.0118 0.05 -0.0135873 -0.0164095 0.00581959 -0.00389085 46.1204 0.182632
422 1.22 0.0118 0.05 -0.0123713 -0.0127811 0.00249227 -0.00712258 28.3156 0.182625
422 1.22 0.0118 0.05 0.0120454 0.0163955 -0.00654676 0.00215834 -49.5064 0.182624
422 1.22 0.0118 0.05 0.0127583 0.0135001 -0.00301587 0.00722597 -29.4206 0.182634
422 1.22 0.0118 0.05 -0.0123912 -0.0163858 0.00709367 -0.00129547 50.8592 0.182628
422 1.22 0.0118 0.05 -0.0132621 -0.0150148 0.00451386 -0.00561866 38.6413 0.182627
422 1.22 0.0118 0.05 0.0122737 0.0144543 -0.00432636 0.00511639 -36.8823 0.182626
422 1.22 0.0118 0.05 -0.0133613 -0.0149206 0.00493792 -0.00559014 37.8062 0.182624
422 1.22 0.0118 0.05 -0.0125003 -0.0171721 0.00796757 -0.000578532 55.4923 0.182626
422 1.22 0.0118 0.05 0.0119993 0.0108693 -0.000833381 0.00933734 -16.1428 0.182625
422 1.22 0.0118 0.05 -0.0127923 -0.0174287 0.00811491 -0.000317921 55.9183 0.182628
422 1.22 0.0118 0.05 -0.0136111 -0.0194769 0.00972856 0.001235 65.2207 0.182624
422 1.22 0.0118 0.05 0.0131046 0.0125957 -0.0017121 0.00908907 -22.1437 0.182629
422 1.22 0.0118 0.05 -0.0127462 -0.0137988 0.00333166 -0.00642378 32.7645 0.18265
422 1.22 0.0118 0.05 -0.0122084 -0.0132242 0.00459812 -0.00559608 32.0058 0.182626
422 1.22 0.0118 0.05 -0.0124639 -0.0130284 0.00318811 -0.00662583 29.5054 0.182625
422 1.22 0.0118 0.05 -0.0119955 -0.0162871 0.00690473 -0.000903924 51.9555 0.182625
422 1.22 0.0118 0.05 -0.0122266 -0.0167983 0.00761284 -0.000552274 54.1902 0.182626
422 1.22 0.0118 0.05 -0.0133045 -0.0173547 0.00737813 -0.00187476 53.1894 0.182624
422 1.22 0.0118 0.05 0.0120837 0.0126496 -0.0024098 0.00706835 -26.8971 0.182627
422 1.22 0.0118 0.05 -0.013192 -0.0126187 0.00188456 -0.00898807 23.8835 0.18263
422 1.22 0.0118 0.05 0.0118064 0.0134958 -0.00489322 0.00486312 -33.3074 0.18263
422 1.22 0.0118 0.05 -0.0126547 -0.0162005 0.00647839 -0.00231658 48.587 0.182626
422 1.22 0.0118 0.05 -0.0123539 -0.018328 0.00965145 0.00147797 63.1339 0.182626
422 1.22 0.0118 0.05 0.0124739 0.0110532 -0.00120959 0.00956436 -15.4395 0.182624
422 1.22 0.0118 0.05 -0.0121859 -0.0131864 0.00427595 -0.00561452 31.7649 0.182624
422 1.22 0.0118 0.05 -0.0122392 -0.0165325 0.00771244 -0.000718747 52.3276 0.182626
422 1.22 0.0118 0.05 -0.0123621 -0.0159589 0.00718949 -0.00217779 48.3419 0.182629
422 1.22 0.0118 0.05 -0.0118962 -0.0160802 0.00700999 -0.000983642 51.1264 0.182625
422 1.22 0.0118 0.05 -0.0127688 -0.0175985 0.00812632 -0.000453979 57.1499 0.182626
422 1.22 0.0118 0.05 -0.012528 -0.0183519 0.00918649 0.00141103 62.6941 0.182628
422 1.22 0.0118 0.05 -0.0118633 -0.0163215 0.00711456 -0.000513466 52.7501 0.182624
422 1.22 0.0118 0.05 -0.0123822 -0.0173312 0.00838689 -0.000232806 56.6636 0.182629
422 1.22 0.0118 0.05 -0.0126497 -0.0137662 0.0037687 -0.00593301 33.1948 0.182629
422 1.22 0.0118 0.05 -0.0134333 -0.0155745 0.00442222 -0.00542104 40.9975 0.182644
422 1.22 0.0118 0.05 0.0129658 0.0130793 -0.00238888 0.00812558 -25.5896 0.182626
422 1.22 0.0118 0.05 0.012721 0.0143317 -0.0046557 0.0058984 -34.4152 0.182624
422 1.22 0.0118 0.05 0.0120855 0.0114973 -0.00236929 0.00766019 -19.7148 0.182626
422 1.22 0.0118 0.05 -0.0132617 -0.0154638 0.00505229 -0.00469949 41.4202 0.182623
422 1.22 0.0118 0.05 -0.0130291 -0.013382 0.00319668 -0.007 29.1157 0.182637
422 1.22 0.0118 0.05 0.0120091 0.0138784 -0.00392759 0.0054958 -34.5953 0.182626
422 1.22 0.0118 0.05 0.0131379 0.012715 -0.00194819 0.00894171 -22.6217 0.182626
422 1.22 0.0118 0.05 -0.0125584 -0.0155489 0.00547883 -0.00332224 44.6778 0.182642
422 1.22 0.0118 0.05 -0.0121617 -0.0136296 0.00502218 -0.00486166 34.3253 0.18263
422 1.22 0.0118 0.05 -0.0120761 -0.0118566 0.00278873 -0.00715667 24.0615 0.182627
422 1.22 0.0118 0.05 -0.0133232 -0.0180551 0.00828085 -0.00074842 57.3973 0.182623
422 1.22 0.0118 0.05 -0.0138402 -0.0142583 0.00332137 -0.00782924 31.8029 0.182625
422 1.22 0.0118 0.05 0.0119437 0.0146519 -0.00516664 0.00392102 -39.9235 0.182644
422 1.22 0.0118 0.05 -0.0122521 -0.0147666 0.00596081 -0.00353495 40.8677 0.182642
422 1.22 0.0118 0.05 -0.0132572 -0.0151802 0.00468897 -0.00534706 39.6033 0.182631
422 1.22 0.0118 0.05 -0.012793 -0.0171371 0.00753518 -0.00105724 53.7834 0.182628
422 1.22 0.0118 0.05 0.0119918 0.0134193 -0.00481578 0.00527492 -31.9493 0.182625
422 1.22 0.0118 0.05 -0.012023 -0.0168065 0.00781603 -0.000108897 54.6513 0.182639
422 1.22 0.0118 0.05 0.0118007 0.0157285 -0.00691015 0.00231876 -46.8192 0.182646
422 1.22 0.0118 0.05 0.0122324 0.0151271 -0.00601125 0.0038299 -41.0831 0.18263
422 1.22 0.0118 0.05 -0.0130659 -0.0177113 0.00777922 -0.000879373 56.4656 0.182626
422 1.22 0.0118 0.05 -0.0116518 -0.0163222 0.00820009 0.00042301 53.5577 0.182623
422 1.22 0.0118 0.05 0.0128258 0.0155225 -0.00525658 0.00465072 -41.265 0.182624
422 1.22 0.0118 0.05 0.0118982 0.0118308 -0.00261763 0.00708166 -22.5087 0.182627
422 1.22 0.0118 0.05 -0.0122628 -0.0167294 0.00775729 -0.000780999 53.5359 0.182639
422 1.22 0.0118 0.05 0.0125562 0.0147338 -0.00499974 0.00491276 -37.7136 0.182629
422 1.22 0.0118 0.05 -0.0121355 -0.0154193 0.00657897 -0.00252708 45.8355 0.182637
422 1.22 0.0118 0.05 0.0120801 0.010832 -0.000636117 0.00956105 -15.745 0.182622
422 1.22 0.0118 0.05 -0.0135225 -0.01525 0.00420496 -0.0058372 39.0746 0.18263
422 1.22 0.0118 0.05 0.0127793 0.0139391 -0.004032 0.00655284 -31.5162 0.182625
422 1.22 0.0118 0.05 -0.0130472 -0.0147518 0.00476799 -0.00511188 37.8589 0.182624
422 1.22 0.0118 0.05 -0.012859 -0.0173507 0.00778878 -0.00116593 55.0594 0.182628
422 1.22 0.0118 0.05 -0.0129183 -0.0175338 0.00816176 -0.000719506 55.7407 0.182626
422 1.22 0.0118 0.05 -0.0121576 -0.0163499 0.00682091 -0.00120219 51.2 0.182646
422 1.22 0.0118 0.05 -0.0129592 -0.0158894 0.0054001 -0.00349436 45.1553 0.182633
422 1.22 0.0118 0.05 -0.0125427 -0.0141069 0.00465838 -0.00518409 35.8097 0.182626
422 1.22 0.0118 0.05 -0.0135092 -0.0161025 0.00618953 -0.00412372 44.3374 0.18263
422 1.22 0.0118 0.05 0.012853 0.0156978 -0.00558764 0.00454862 -42.1616 0.182627
422 1.22 0.0118 0.05 0.0131046 0.0139458 -0.00352046 0.00721843 -30.2057 0.182626
422 1.22 0.0118 0.05 -0.0124268 -0.0117186 0.0012785 -0.00885254 21.5123 0.182624
422 1.22 0.0118 0.05 -0.0130711 -0.0135067 0.00348678 -0.00698737 29.7903 0.182632
422 1.22 0.0118 0.05 0.0123785 0.0123664 -0.00296962 0.00745673 -23.9562 0.182626
422 1.22 0.0118 0.05 -0.0123525 -0.0173628 0.00833281 0.000183017 57.156 0.182623
422 1.22 0.0118 0.05 -0.0125331 -0.0117715 0.00204336 -0.00841017 21.5348 0.182626
422 1.22 0.0118 0.05 -0.0118303 -0.0165948 0.00842987 4.30153e-005 54.7412 0.182625
422 1.22 0.0118 0.05 -0.011952 -0.0129449 0.00458378 -0.00567677 31.1106 0.182634
422 1.22 0.0118 0.05 -0.0129673 -0.0148364 0.00544098 -0.00492791 39.068 0.182621
422 1.22 0.0118 0.05 0.0118737 0.0149774 -0.00622616 0.00351322 -41.811 0.182632
422 1.22 0.0118 0.05 -0.0124679 -0.014969 0.00575876 -0.00376261 41.4235 0.182634
422 1.22 0.0118 0.05 -0.0119856 -0.0106837 0.000839623 -0.00902085 16.9003 0.182626
422 1.22 0.0118 0.05 -0.0140287 -0.0182682 0.00758088 -0.00209777 56.0507 0.182623
422 1.22 0.0118 0.05 0.0128536 0.015017 -0.00479143 0.00534679 -37.8846 0.18263
422 1.22 0.0118 0.05 0.0118171 0.0160666 -0.00714157 0.0017064 -48.9127 0.182641
422 1.22 0.0118 0.05 -0.0140825 -0.0186609 0.0081133 -0.00159101 58.14 0.182632
422 1.22 0.0118 0.05 -0.0121908 -0.0133219 0.00449148 -0.00523653 32.6972 0.182623
422 1.22 0.0118 0.05 -0.012924 -0.0172727 0.00765091 -0.00139086 53.8683 0.182643
422 1.22 0.0118 0.05 0.013196 0.0168523 -0.00618173 0.00386453 -47.6568 0.182625
422 1.22 0.0118 0.05 -0.0124862 -0.0119623 0.0014289 -0.00864738 22.8279 0.182627
422 1.22 0.0118 0.05 -0.0121795 -0.00954466 -0.0010383 -0.0114973 8.88432 0.182638
422 1.22 0.0118 0.05 0.0126955 0.0147016 -0.00510999 0.00540898 -36.9152 0.182629
422 1.22 0.0118 0.05 0.0119875 0.0153837 -0.00598231 0.00332972 -43.7244 0.182634
422 1.22 0.0118 0.05 -0.0122278 -0.0137423 0.00384059 -0.0053326 34.8227 0.182625
422 1.22 0.0118 0.05 0.0122805 0.0156285 -0.00614648 0.00346144 -44.1891 0.182628
422 1.22 0.0118 0.05 -0.012879 -0.0145041 0.00489261 -0.0050478 37.0096 0.182632
422 1.22 0.0118 0.05 0.0126149 0.0152466 -0.00569271 0.00456802 -40.2673 0.182625
422 1.22 0.0118 0.05 -0.0122521 -0.0177694 0.00840714 0.00099561 60.3175 0.182625
422 1.22 0.0118 0.05 -0.0121971 -0.0122961 0.00262684 -0.00711402 25.956 0.182634
422 1.22 0.0118 0.05 -0.0121912 -0.0101404 -0.000360871 -0.0106657 12.8589 0.182628
422 1.22 0.0118 0.05 0.0125929 0.0129417 -0.0032235 0.00723928 -26.6575 0.182631
422 1.22 0.0118 0.05 -0.0123854 -0.0118185 0.00230432 -0.00804145 22.3413 0.182633
422 1.22 0.0118 0.05 0.0122916 0.0122783 -0.00205458 0.00792098 -23.6118 0.182633
422 1.22 0.0118 0.05 0.0123837 0.0124625 -0.00231202 0.00760134 -24.5886 0.182635
422 1.22 0.0118 0.05 0.0130054 0.0141411 -0.0037512 0.00676237 -32.5173 0.182646
422 1.22 0.0118 0.05 -0.011963 -0.0163572 0.00690702 -0.000705131 52.3642 0.182632
422 1.22 0.0118 0.05 0.012864 0.0121218 -0.00168358 0.00890449 -20.7151 0.182643
422 1.22 0.0118 0.05 -0.0125154 -0.0119248 0.00241562 -0.00796463 22.4927 0.182625
422 1.22 0.0118 0.05 0.0121499 0.0124519 -0.00319953 0.00716423 -25.1057 0.182625
422 1.22 0.0118 0.05 0.0122252 0.0118013 -0.0023186 0.00809415 -20.9408 0.182627
422 1.22 0.0118 0.05 -0.0123593 -0.0124561 0.00232929 -0.00738565 26.644 0.182626
422 1.22 0.0118 0.05 -0.0133407 -0.0156804 0.00574229 -0.00434305 42.3353 0.182627
422 1.22 0.0118 0.05 -0.0135642 -0.0139291 0.00287206 -0.00782047 30.5824 0.182627
422 1.22 0.0118 0.05 0.0122152 0.0121792 -0.00234711 0.00754292 -23.4773 0.182629
422 1.22 0.0118 0.05 -0.0139367 -0.014818 0.00401252 -0.00722029 34.4992 0.182641
422 1.22 0.0118 0.05 0.0118589 0.0129629 -0.00330253 0.00607095 -29.7214 0.182625
422 1.22 0.0118 0.05 -0.0121707 -0.0106247 0.000822308 -0.00954799 15.7231 0.182625
422 1.22 0.0118 0.05 0.0117898 0.0122243 -0.00360879 0.00636954 -25.6433 0.182631
422 1.22 0.0118 0.05 0.012276 0.0126645 -0.00239285 0.00734128 -26.2538 0.182626
422 1.22 0.0118 0.05 0.0120878 0.0131089 -0.00422136 0.00618194 -29.3142 0.182623
422 1.22 0.0118 0.05 0.0126296 0.0145084 -0.00470789 0.00531579 -35.6412 0.182622
422 1.22 0.0118 0.05 -0.0126426 -0.0132971 0.00404688 -0.00638387 30.5996 0.182624
422 1.22 0.0118 0.05 -0.0121265 -0.0150125 0.00650285 -0.00307948 43.0172 0.18264
422 1.22 0.0118 0.05 -0.012397 -0.0173126 0.0083425 -6.45476e-005 56.6793 0.18263
422 1.22 0.0118 0.05 -0.013232 -0.0160871 0.00564948 -0.00386919 45.6738 0.182624
422 1.22 0.0118 0.05 -0.0135623 -0.0161116 0.0051243 -0.00467274 44.1324 0.182645
422 1.22 0.0118 0.05 0.0119675 0.0153152 -0.00569125 0.00343993 -43.6058 0.182628
422 1.22 0.0118 0.05 -0.0125751 -0.0174729 0.00818337 -0.000205725 56.8544 0.182627
422 1.22 0.0118 0.05 -0.0117478 -0.0128957 0.00481891 -0.00507617 31.2969 0.182647
422 1.22 0.0118 0.05 -0.0120653 -0.0151412 0.00669919 -0.00239953 44.4687 0.182623
422 1.22 0.0118 0.05 0.0118657 0.013592 -0.00504581 0.00494369 -33.2698 0.182626
422 1.22 0.0118 0.05 0.0126231 0.014645 -0.00479218 0.00528793 -36.9333 0.182635
422 1.22 0.0118 0.05 -0.0130748 -0.0163743 0.00621005 -0.00299335 47.9456 0.182626
422 1.22 0.0118 0.05 -0.0129988 -0.0142814 0.00431235 -0.0059432 35.1404 0.182632
422 1.22 0.0118 0.05 -0.0126257 -0.0120138 0.00174734 -0.00854908 22.6303 0.182623
422 1.22 0.0118 0.05 0.012016 0.0170146 -0.00756966 0.00110587 -53.4028 0.182626
422 1.22 0.0118 0.05 0.012134 0.0133089 -0.00328506 0.00628455 -30.7898 0.182631
422 1.22 0.0118 0.05 0.0126097 0.0149214 -0.00514785 0.00476005 -38.4617 0.182639
422 1.22 0.0118 0.05 -0.014226 -0.016671 0.0049389 -0.00530056 44.9096 0.182625
422 1.22 0.0118 0.05 0.012104 0.0134716 -0.00339297 0.00609186 -31.7578 0.182629
422 1.22 0.0118 0.05 -0.0122561 -0.0126176 0.00364528 -0.00633557 27.9671 0.182624
422 1.22 0.0118 0.05 -0.0134646 -0.0153559 0.00445877 -0.00550971 39.8198 0.182623
422 1.22 0.0118 0.05 -0.0122291 -0.0115775 0.00133156 -0.00850589 21.7323 0.182625
422 1.22 0.0118 0.05 -0.01198 -0.012929 0.00266133 -0.00627206 30.9636 0.182624
422 1.22 0.0118 0.05 0.0117709 0.0143579 -0.00565308 0.00412454 -38.7209 0.182637
422 1.22 0.0118 0.05 -0.0121407 -0.0134964 0.00331734 -0.00569218 33.9951 0.182625
422 1.22 0.0118 0.05 -0.0136304 -0.0138348 0.002556 -0.00813653 29.837 0.182623
422 1.22 0.0118 0.05 0.012502 0.0124655 -0.0026497 0.00757162 -24.0672 0.182628
422 1.22 0.0118 0.05 0.0128495 0.0155191 -0.00520677 0.00487526 -40.9711 0.182628
422 1.22 0.0118 0.05 0.0122168 0.0109738 -0.00074298 0.00926355 -16.0024 0.182636
422 1.22 0.0118 0.05 0.0133642 0.016888 -0.00581761 0.00413478 -47.2816 0.182627
422 1.22 0.0118 0.05 -0.0122094 -0.0112461 0.00106127 -0.00899461 19.4445 0.182629
422 1.22 0.0118 0.05 -0.0120841 -0.0158263 0.00609747 -0.00208302 48.2236 0.182651
422 1.22 0.0118 0.05 0.0118714 0.0109664 -0.00115184 0.00872134 -17.166 0.182625
422 1.22 0.0118 0.05 0.0123609 0.012351 -0.0026671 0.00763316 -23.9755 0.182632
422 1.22 0.0118 0.05 -0.0120096 -0.0163087 0.0075925 -0.000977057 51.8106 0.182643
422 1.22 0.0118 0.05 0.0118439 0.0155522 -0.00610951 0.0027325 -45.7976 0.182642
422 1.22 0.0118 0.05 0.011858 0.0113429 -0.00230032 0.00800799 -19.7051 0.182628
422 1.22 0.0118 0.05 -0.0129616 -0.0148112 0.00513729 -0.00480692 38.6018 0.182624
422 1.22 0.0118 0.05 0.0120501 0.0125913 -0.00359718 0.00666262 -26.7309 0.182627
422 1.22 0.0118 0.05 -0.0139335 -0.0194305 0.00915964 -0.000295715 63.2719 0.182644
422 1.22 0.0118 0.05 0.0117907 0.0161032 -0.00720133 0.00191212 -48.7453 0.182624
422 1.22 0.0118 0.05 -0.0120216 -0.0170356 0.00832824 0.000512309 56.421 0.182626
422 1.22 0.0118 0.05 -0.012023 -0.0110325 0.00177986 -0.00828624 19.1666 0.182628
422 1.22 0.0118 0.05 -0.0132336 -0.01592 0.00537344 -0.00411871 44.6931 0.182622
422 1.22 0.0118 0.05 -0.0144001 -0.016518 0.00512872 -0.00554784 43.2995 0.182631
422 1.22 0.0118 0.05 -0.0127332 -0.0141206 0.00373912 -0.00583201 35.4825 0.182625
422 1.22 0.0118 0.05 0.0125397 0.012552 -0.00273231 0.00758634 -24.5491 0.182646
423 1.221 0.0118 0.05 0.011809 0.00953398 -0.000389147 0.00837093 -8.99273 0.182623
423 1.221 0.0118 0.05 -0.0118031 -0.00969325 -0.000410181 -0.0103411 11.6838 0.182626
424 1.222 0.0118 0.05 0.0118041 0.0086702 0.00153967 0.0100255 -3.6871 0.182624
425 1.222 0.0118 0.05 0.0117508 0.00775684 0.00479299 0.0136014 1.93944 0.18263
425 1.222 0.0118 0.05 0.0117232 0.0147578 -0.00602572 0.00312348 -41.1837 0.182628
425 1.222 0.0118 0.05 0.011796 0.0120858 -0.0024478 0.00699136 -24.5007 0.182629
1237 2.9281 0.042 0.042 -0.0368124 -0.0403846 -0.0202807 -0.0227837 10.9432 0.182642
1240 2.9341 0.042 0.042 -0.0372535 -0.0364673 -0.0194119 -0.0212621 0.814557 0.182625
1244 2.9421 0.042 0.042 -0.0376926 -0.0293937 -0.0185301 -0.0147326 11.5771 0.182631
1244 2.9421 0.042 0.042 -0.0377689 -0.0298821 -0.0184375 -0.016449 6.65656 0.182627
1249 2.9521 0.042 0.042 -0.0378696 -0.0217897 -0.0181802 -0.0106805 14.5338 0.182625
1249 2.9521 0.042 0.042 -0.0389751 -0.0228267 -0.0156917 -0.011267 -1.78057 0.182627
1250 2.9541 0.042 0.042 0.0386174 0.0201714 0.0165449 0.00905077 3.20161 0.182631
1251 2.9561 0.042 0.042 -0.039768 -0.0192036 -0.0135641 -0.00762969 5.81867 0.182627
1252 2.9581 0.042 0.042 -0.0392472 -0.0185056 -0.0150127 -0.00894245 1.10642 0.182626
1254 2.9621 0.042 0.042 -0.0388525 -0.0137926 -0.0159597 -0.00579499 14.7194 0.182628
1255 2.9641 0.042 0.042 -0.03986 -0.0130916 -0.0132753 -0.00644734 -3.51825 0.182627
1256 2.9661 0.042 0.042 -0.0405317 -0.0108077 -0.0110361 -0.00408868 5.07572 0.182627
Total losses: 0 W
