 Card Number	Card Type	Length [m]	Aperture x [m]	Aperture y [m]	x RMS [m]	x' RMS [rad]	y RMS [m]	y' RMS [rad]	Phase RMS [rad]	Momentum RMS [GeV/c]	Kinetic Energy RMS [GeV]	Rest Energy RMS [GeV]	Momentum Standard Deviation [GeV/c]	Kinetic Energy Standard Deviation [GeV]	(X,BGX') 100%-Emittance [m.rad]	(X,BGX') 90%-Emittance [m.rad]	(X,BGX') RMS-Emittance [m.rad]	(Y,BGY') 100%-Emittance [m.rad]	(Y,BGY') 90%-Emittance [m.rad]	(Y,BGY') RMS-Emittance [m.rad]	(PHI,dE) 100%-Emittance [deg.MeV]	(PHI,dE) 90%-Emittance [deg.MeV]	(PHI,dE) RMS-Emittance [deg.MeV]	(PHI,dP) 100%-Emittance [deg.MeV/c]	(PHI,dP) 90%-Emittance [deg.MeV/c]	(PHI,dP) RMS-Emittance [deg.MeV/c]	(X,X') Alpha [1]	(X,X') Beta [m/rad]	(Y,Y') Alpha [1]	(Y,Y') Beta [m/rad]	(PHI,dE) Alpha [1]	(PHI,dE) Beta [deg/MeV]	(PHI,dP) Alpha [1]	(PHI,dP) Beta [deg.c/MeV]	Halo(X,BGX')	Halo(Y,BGY')	Halo(Z,Z')	(X,Y) Alpha [1]	(X,Y) Beta [1]	(X,Y') Alpha [1]	(X,Y') Beta [m/rad]	(X',Y) Alpha [1]	(X',Y) Beta [rad/m]	(X',Y') Alpha [1]	(X',Y') Beta [1]	(X, BGX') Wanted Emittance [m.rad]	(Y, BGY') Wanted Emittance [m.rad]	(PHI, dE) Wanted Emittance [deg.MeV]	(PHI, dP) Wanted Emittance [deg.MeV/c]	 x beam size in wanted emittance [m]	 x' beam size in wanted emittance [rad]	 y beam size in wanted emittance [m]	 y' beam size in wanted emittance [rad]	 Phase beam size in wanted emittance [rad]	 Energy beam size in wanted emittance [GeV]	(X,Y) RMS-Emitt [m2]	(X,Y') RMS-Emitt [m2.rad2]	(X',Y) RMS-Emitt [m2.rad2]	(X',Y') RMS-Emitt [rad2]	(X,PH) Alpha [1]	(X,PH) Beta [m/deg]	(X,PH)RMS-Emittance [m.deg]	(Y,PH) Alpha [1]	(Y,PH) Beta [m/deg]	(Y,PH)RMS-Emittance [m.deg]
     2	  34	    0.000000000000000E+00	    0.000000000000000E+00	    0.000000000000000E+00	    0.577313237157510E-02	    0.797939091899411E-02	    0.679853205798449E-02	    0.584602157269784E-02	    0.315000532435334E+02	    0.107896109526015E-05	    0.616856506126473E-08	    0.111748622150695E+02	    0.107896109526015E-05	    0.616856506126473E-08	    0.152431344942464E-05	    0.564504080770257E-06	    0.153022071411188E-06	    0.130827347756088E-05	    0.563914323401984E-06	    0.152770376600386E-06	    0.232608761887132E+00	    0.447822433754879E-01	    0.111328294151787E-01	    0.406845859894871E+02	    0.783266725049777E+01	    0.194726892661906E+01	    0.140079046086154E+01	    0.124522980954731E+01	    0.110102388815979E+01	    0.172970366087007E+01	   -0.796394686764611E-02	    0.292591891152508E+09	   -0.796392643600716E-02	    0.167279186143077E+07	    0.723584969199944E-01	    0.689015827648958E-01	    0.108540748976414E+01	   -0.110123285206284E+00	    0.854306873461802E+00	   -0.601983855045538E+00	    0.115265930013550E+01	    0.758830367291315E+00	    0.147335832846259E+01	   -0.332006431690631E-02	    0.136493422019886E+01	    0.564504080770257E-06	    0.563914323401984E-06	    0.447822433754879E-01	    0.783266725049777E+01	    0.000000000000000E+00	    0.000000000000000E+00	    0.000000000000000E+00	    0.000000000000000E+00	    0.000000000000000E+00	    0.000000000000000E+00	    0.390129804816776E-04	    0.289149251438046E-04	    0.432146601462283E-04	    0.466474343568362E-04	   -0.608983268285162E+01	    0.113105380023724E-02	    0.294672608612760E-01	   -0.259873206281892E+00	    0.222994800452968E-03	    0.207269577808794E+00
     3	   3	    0.208000000000000E+00	    0.000000000000000E+00	    0.000000000000000E+00	    0.452623023106826E-02	    0.797939091899411E-02	    0.595479327289256E-02	    0.584602157269784E-02	    0.315013958338674E+02	    0.107896109526015E-05	    0.616856506126473E-08	    0.111748622150695E+02	    0.107896109526015E-05	    0.616856506126473E-08	    0.152429746544191E-05	    0.564498161368655E-06	    0.153022071161171E-06	    0.130827315515439E-05	    0.563914184432844E-06	    0.152770372828485E-06	    0.232594958792293E+00	    0.447795859796641E-01	    0.111333300892043E-01	    0.406821717506280E+02	    0.783220245703396E+01	    0.194735650065935E+01	    0.905990371816109E+00	    0.765419919752519E+00	    0.834996702148671E+00	    0.132701182817220E+01	   -0.766306350427881E-02	    0.292603674101755E+09	   -0.766304299770454E-02	    0.167285922633365E+07	    0.723584921612481E-01	    0.689016713449542E-01	    0.108565440040479E+01	   -0.409425831524131E-01	    0.760735441818862E+00	   -0.876261124185009E+00	    0.102943022209334E+01	    0.951881629965620E+00	    0.185000737653678E+01	   -0.332006431690631E-02	    0.136493422019886E+01	    0.564498161368655E-06	    0.563914184432844E-06	    0.447795859796641E-01	    0.783220245703396E+01	    0.000000000000000E+00	    0.000000000000000E+00	    0.000000000000000E+00	    0.000000000000000E+00	    0.000000000000000E+00	    0.000000000000000E+00	    0.269302032986053E-04	    0.199010672748431E-04	    0.344164462507807E-04	    0.466474343568362E-04	   -0.252237788574939E+01	    0.389866804568352E-03	    0.525481006963866E-01	   -0.394591349946046E+00	    0.203216930030011E-03	    0.174491184950239E+00
     4	   3	    0.358000000000000E+00	    0.000000000000000E+00	    0.000000000000000E+00	    0.382682682088960E-02	    0.797939091899411E-02	    0.543459789910967E-02	    0.584602157269784E-02	    0.315023746573795E+02	    0.107896109526015E-05	    0.616856506126473E-08	    0.111748622150695E+02	    0.107896109526015E-05	    0.616856506126473E-08	    0.152428593878641E-05	    0.564493892663899E-06	    0.153022070987700E-06	    0.130827292265918E-05	    0.563914084218796E-06	    0.152770370110288E-06	    0.232585063078300E+00	    0.447620525942510E-01	    0.111336942765723E-01	    0.406804409344997E+02	    0.782913576893962E+01	    0.194742020150583E+01	    0.549163383495773E+00	    0.547147094235819E+00	    0.643150165614599E+00	    0.110529004024137E+01	   -0.744609501428928E-02	    0.292612286400418E+09	   -0.744607445368305E-02	    0.167290846414757E+07	    0.723584888542392E-01	    0.689017352582155E-01	    0.108583965620974E+01	    0.574193145016353E-01	    0.705319911827119E+00	   -0.124860611981955E+01	    0.104716471895649E+01	    0.115113128685307E+01	    0.223884200347579E+01	   -0.332006431690631E-02	    0.136493422019886E+01	    0.564493892663899E-06	    0.563914084218796E-06	    0.447620525942510E-01	    0.782913576893962E+01	    0.000000000000000E+00	    0.000000000000000E+00	    0.000000000000000E+00	    0.000000000000000E+00	    0.000000000000000E+00	    0.000000000000000E+00	    0.207630654849137E-04	    0.139850047007633E-04	    0.284391124247612E-04	    0.466474343568362E-04	   -0.142661289448347E+01	    0.211636668171615E-03	    0.691969101743974E-01	   -0.525682702233017E+00	    0.194898145276463E-03	    0.151539945560344E+00
     5	   3	    0.498000000000000E+00	    0.000000000000000E+00	    0.000000000000000E+00	    0.343175663772196E-02	    0.797939091899411E-02	    0.503911406999232E-02	    0.584602157269784E-02	    0.315032962463700E+02	    0.107896109526015E-05	    0.616856506126473E-08	    0.111748622150695E+02	    0.107896109526015E-05	    0.616856506126473E-08	    0.152427518076747E-05	    0.564489908610886E-06	    0.153022070830957E-06	    0.130827270567079E-05	    0.563913990688763E-06	    0.152770367574756E-06	    0.232575871270502E+00	    0.447708552195717E-01	    0.111340365467117E-01	    0.406788332354257E+02	    0.783067539781946E+01	    0.194748006875968E+01	    0.216124860326244E+00	    0.440006856554247E+00	    0.464093392018972E+00	    0.950276106926697E+00	   -0.724360235964128E-02	    0.292620411467575E+09	   -0.724358174861156E-02	    0.167295491638526E+07	    0.723584858619417E-01	    0.689017949359152E-01	    0.108601799839771E+01	    0.196096436642842E+00	    0.693994271064916E+00	   -0.177684294962501E+01	    0.119689211619223E+01	    0.139949497862281E+01	    0.272368993434367E+01	   -0.332006431690631E-02	    0.136493422019886E+01	    0.564489908610886E-06	    0.563913990688763E-06	    0.447708552195717E-01	    0.783067539781946E+01	    0.000000000000000E+00	    0.000000000000000E+00	    0.000000000000000E+00	    0.000000000000000E+00	    0.000000000000000E+00	    0.000000000000000E+00	    0.169698138897852E-04	    0.983961165858097E-05	    0.233766254503814E-04	    0.466474343568362E-04	   -0.792349768857438E+00	    0.138983559211422E-03	    0.847363075702615E-01	   -0.685417545901438E+00	    0.193921919832297E-03	    0.130942755890381E+00
     6	   3	    0.122000000000000E+01	    0.000000000000000E+00	    0.000000000000000E+00	    0.605098439740970E-02	    0.797939091899411E-02	    0.502998307592947E-02	    0.584602157269784E-02	    0.315081719319305E+02	    0.107896109526015E-05	    0.616856506126473E-08	    0.111748622150695E+02	    0.107896109526015E-05	    0.616856506126473E-08	    0.152421970308360E-05	    0.564469363375291E-06	    0.153022070101750E-06	    0.130827158674026E-05	    0.563913508388266E-06	    0.152770354520943E-06	    0.232529145462451E+00	    0.448449066249012E-01	    0.111358378810163E-01	    0.406706606262005E+02	    0.784362740648153E+01	    0.194779514426791E+01	   -0.150140239064661E+01	    0.136797621887142E+01	   -0.459328063250366E+00	    0.946835462363802E+00	   -0.619949628637500E-02	    0.292663645758905E+09	   -0.619947541539840E-02	    0.167320209336659E+07	    0.723584718749470E-01	    0.689021030900796E-01	    0.108702096818276E+01	    0.529588637134643E+00	    0.136126668786647E+01	   -0.573363848229824E+00	    0.119312685589932E+01	    0.139286507186973E+01	    0.272008379564686E+01	   -0.332006431690631E-02	    0.136493422019886E+01	    0.564469363375291E-06	    0.563913508388266E-06	    0.448449066249012E-01	    0.784362740648153E+01	    0.000000000000000E+00	    0.000000000000000E+00	    0.000000000000000E+00	    0.000000000000000E+00	    0.000000000000000E+00	    0.000000000000000E+00	    0.268973100598546E-04	    0.306877780821533E-04	    0.234076169050462E-04	    0.466474343568362E-04	    0.580725960041365E+00	    0.222079225770318E-03	    0.164870946621381E+00	   -0.200166943447311E+01	    0.357205598679873E-03	    0.708296002012312E-01
     7	   6	    0.122000000000000E+01	    0.000000000000000E+00	    0.000000000000000E+00	    0.536682293016191E-02	    0.738362953899419E-02	    0.499941699338161E-02	    0.581261304894007E-02	    0.309566392844298E+02	    0.107481047196618E-05	    0.614483751658718E-08	    0.111748622150695E+02	    0.107481047196618E-05	    0.614483751658718E-08	    0.857630120760884E-06	    0.506672960039082E-06	    0.138065161640510E-06	    0.125458692736672E-05	    0.546402477985524E-06	    0.147947148579069E-06	    0.229696186458816E+00	    0.437214810087126E-01	    0.108987511429875E-01	    0.401751608750878E+02	    0.764713407001671E+01	    0.190632584002236E+01	   -0.130099073702657E+01	    0.119269934816912E+01	   -0.510925107653352E+00	    0.965856660641338E+00	   -0.717974502692104E-02	    0.288653044156281E+09	   -0.717978889888135E-02	    0.165027280692381E+07	    0.226438163018368E-01	    0.657813559074247E-01	    0.108505828056684E+01	    0.497260380750461E+00	    0.119888568568078E+01	   -0.550671593371941E+00	    0.105404201376458E+01	    0.145754045018005E+01	    0.261057112747786E+01	    0.738374324782246E-01	    0.127373519750530E+01	    0.506672960039082E-06	    0.546402477985524E-06	    0.437214810087126E-01	    0.764713407001671E+01	    0.000000000000000E+00	    0.000000000000000E+00	    0.000000000000000E+00	    0.000000000000000E+00	    0.000000000000000E+00	    0.000000000000000E+00	    0.240246327967092E-04	    0.273260344346622E-04	    0.208835471270146E-04	    0.428016633880298E-04	    0.497779870263877E+00	    0.193657047059890E-03	    0.148730907555376E+00	   -0.196392614564558E+01	    0.355917933475723E-03	    0.702245319015869E-01
     8	   3	    0.122200000000000E+01	    0.000000000000000E+00	    0.000000000000000E+00	    0.537853865702894E-02	    0.738362953899419E-02	    0.500471694140944E-02	    0.581261304894007E-02	    0.309566417005176E+02	    0.107481047196618E-05	    0.614483751658718E-08	    0.111748622150695E+02	    0.107481047196618E-05	    0.614483751658718E-08	    0.857630025952808E-06	    0.506672904028120E-06	    0.138065161663181E-06	    0.125458692428355E-05	    0.546402476642730E-06	    0.147947148539946E-06	    0.229695961042995E+00	    0.437214381019771E-01	    0.108987522245306E-01	    0.401751214485222E+02	    0.764712656537389E+01	    0.190632602919781E+01	   -0.130550582965608E+01	    0.119791233592380E+01	   -0.513536350533804E+00	    0.967905581187413E+00	   -0.717679318572560E-02	    0.288653060568938E+09	   -0.717683705761413E-02	    0.165027290075723E+07	    0.226438169569643E-01	    0.657813566811729E-01	    0.108505943017187E+01	    0.496847694054443E+00	    0.120003305435018E+01	   -0.548809771860147E+00	    0.105551303683609E+01	    0.145367297672568E+01	    0.260310362681676E+01	    0.738374324782246E-01	    0.127373519750530E+01	    0.506672904028120E-06	    0.546402476642730E-06	    0.437214381019771E-01	    0.764712656537389E+01	    0.000000000000000E+00	    0.000000000000000E+00	    0.000000000000000E+00	    0.000000000000000E+00	    0.000000000000000E+00	    0.000000000000000E+00	    0.241065677151865E-04	    0.274072200679478E-04	    0.209434555764403E-04	    0.428016633880298E-04	    0.499869366966125E+00	    0.194241833480328E-03	    0.148931244968322E+00	   -0.196514086946605E+01	    0.356470232533881E-03	    0.702644691692454E-01
     9	   6	    0.122200000000000E+01	    0.000000000000000E+00	    0.000000000000000E+00	    0.537853865702894E-02	    0.738362953899419E-02	    0.500471694140944E-02	    0.581261304894007E-02	    0.309566417005176E+02	    0.107481047196618E-05	    0.614483751658718E-08	    0.111748622150695E+02	    0.107481047196618E-05	    0.614483751658718E-08	    0.857630025952808E-06	    0.506672904028120E-06	    0.138065161663181E-06	    0.125458692428355E-05	    0.546402476642730E-06	    0.147947148539946E-06	    0.229695961042995E+00	    0.437214381019771E-01	    0.108987522245306E-01	    0.401751214485222E+02	    0.764712656537389E+01	    0.190632602919781E+01	   -0.130550582965608E+01	    0.119791233592380E+01	   -0.513536350533804E+00	    0.967905581187413E+00	   -0.717679318572560E-02	    0.288653060568938E+09	   -0.717683705761413E-02	    0.165027290075723E+07	    0.226438169569643E-01	    0.657813566811729E-01	    0.108505943017187E+01	    0.496847694054443E+00	    0.120003305435018E+01	   -0.548809771860147E+00	    0.105551303683609E+01	    0.145367297672568E+01	    0.260310362681676E+01	    0.738374324782246E-01	    0.127373519750530E+01	    0.506672904028120E-06	    0.546402476642730E-06	    0.437214381019771E-01	    0.764712656537389E+01	    0.000000000000000E+00	    0.000000000000000E+00	    0.000000000000000E+00	    0.000000000000000E+00	    0.000000000000000E+00	    0.000000000000000E+00	    0.241065677151865E-04	    0.274072200679478E-04	    0.209434555764403E-04	    0.428016633880298E-04	    0.499869366966125E+00	    0.194241833480328E-03	    0.148931244968322E+00	   -0.196514086946605E+01	    0.356470232533881E-03	    0.702644691692454E-01
    11	  34	    0.122200000000000E+01	    0.000000000000000E+00	    0.000000000000000E+00	    0.537853865702894E-02	    0.738362953899419E-02	    0.500471694140944E-02	    0.581261304894007E-02	    0.309566417005176E+02	    0.107481047196618E-05	    0.614483751658718E-08	    0.111748622150695E+02	    0.107481047196618E-05	    0.614483751658718E-08	    0.857630025952808E-06	    0.506672904028120E-06	    0.138065161663181E-06	    0.125458692428355E-05	    0.546402476642730E-06	    0.147947148539946E-06	    0.229695961042995E+00	    0.437214381019771E-01	    0.108987522245306E-01	    0.401751214485222E+02	    0.764712656537389E+01	    0.190632602919781E+01	   -0.130550582965608E+01	    0.119791233592380E+01	   -0.513536350533804E+00	    0.967905581187413E+00	   -0.717679318572560E-02	    0.288653060568938E+09	   -0.717683705761413E-02	    0.165027290075723E+07	    0.226438169569643E-01	    0.657813566811729E-01	    0.108505943017187E+01	    0.496847694054443E+00	    0.120003305435018E+01	   -0.548809771860147E+00	    0.105551303683609E+01	    0.145367297672568E+01	    0.260310362681676E+01	    0.738374324782246E-01	    0.127373519750530E+01	    0.506672904028120E-06	    0.546402476642730E-06	    0.437214381019771E-01	    0.764712656537389E+01	    0.000000000000000E+00	    0.000000000000000E+00	    0.000000000000000E+00	    0.000000000000000E+00	    0.000000000000000E+00	    0.000000000000000E+00	    0.241065677151865E-04	    0.274072200679478E-04	    0.209434555764403E-04	    0.428016633880298E-04	    0.499869366966125E+00	    0.194241833480328E-03	    0.148931244968322E+00	   -0.196514086946605E+01	    0.356470232533881E-03	    0.702644691692454E-01
