Position  
0 100
5.0000000007e-07 100
5.0000000007e-07 100
5.0000000007e-07 100
0.0050005 100
0.0100005 100
0.0150005 100
0.0200005 100
0.0250005 100
0.0300005 100
0.0350005 100
0.0400005 100
0.0450005 100
0.0500005 100
0.0550005 100
0.0600005 100
0.0650005 100
0.0700005 100
0.0750005 100
0.0800005 100
0.0850005 100
0.0900005 100
0.0950005 100
0.1000005 100
0.1050005 100
0.1100005 100
0.1150005 100
0.1200005 100
0.1250005 100
0.1300005 100
0.1350005 100
0.1400005 100
0.1450005 100
0.1500005 100
0.1550005 100
0.1600005 100
0.1650005 100
0.1700005 100
0.1750005 100
0.1800005 100
0.1850005 100
0.1900005 100
0.1950005 100
0.2000005 100
0.2050005 100
0.2080005 100
0.2090005 100
0.2100005 100
0.2110005 100
0.2120005 100
0.2130005 100
0.2140005 100
0.2150005 100
0.2160005 100
0.2170005 100
0.2180005 100
0.2190005 100
0.2200005 100
0.2210005 100
0.2220005 100
0.2230005 100
0.2240005 100
0.2250005 100
0.2260005 100
0.2270005 100
0.2280005 100
0.2290005 100
0.2300005 100
0.2310005 100
0.2320005 100
0.2330005 100
0.2340005 100
0.2350005 100
0.2360005 100
0.2370005 100
0.2380005 100
0.2390005 100
0.2400005 100
0.2410005 100
0.2420005 100
0.2430005 100
0.2440005 100
0.2450005 100
0.2460005 100
0.2470005 100
0.2480005 100
0.2490005 100
0.2500005 100
0.2510005 100
0.2520005 100
0.2530005 100
0.2540005 100
0.2550005 100
0.2560005 100
0.2570005 100
0.2580005 100
0.2590005 100
0.2600005 100
0.2610005 100
0.2620005 100
0.2630005 100
0.2640005 100
0.2650005 100
0.2660005 100
0.2670005 100
0.2680005 100
0.2690005 100
0.2700005 100
0.2710005 100
0.2720005 100
0.2730005 100
0.2740005 100
0.2750005 100
0.2760005 100
0.2770005 100
0.2780005 100
0.2790005 100
0.2800005 100
0.2810005 100
0.2820005 100
0.2830005 100
0.2840005 100
0.2850005 100
0.2860005 100
0.2870005 100
0.2880005 100
0.2890005 100
0.2900005 100
0.2910005 100
0.2920005 100
0.2930005 100
0.2940005 100
0.2950005 100
0.2960005 100
0.2970005 100
0.2980005 100
0.2990005 100
0.3000005 100
0.3010005 100
0.3020005 100
0.3030005 100
0.3040005 100
0.3050005 100
0.3060005 100
0.3070005 100
0.3080005 100
0.3090005 100
0.3100005 100
0.3110005 100
0.3120005 100
0.3130005 100
0.3140005 100
0.3150005 100
0.3160005 100
0.3170005 100
0.3180005 100
0.3190005 100
0.3200005 100
0.3210005 100
0.3220005 100
0.3230005 100
0.3240005 100
0.3250005 100
0.3260005 100
0.3270005 100
0.3280005 100
0.3290005 100
0.3300005 100
0.3310005 100
0.3320005 100
0.3330005 100
0.3340005 100
0.3350005 100
0.3360005 100
0.3370005 100
0.3380005 100
0.3390005 100
0.3400005 100
0.3410005 100
0.3420005 100
0.3430005 100
0.3440005 100
0.3450005 100
0.3460005 100
0.3470005 100
0.3480005 100
0.3490005 100
0.3500005 100
0.3510005 100
0.3520005 100
0.3530005 100
0.3540005 100
0.3550005 100
0.3560005 100
0.3570005 100
0.3580005 100
0.3600005 100
0.3620005 100
0.3640005 100
0.3660005 100
0.3680005 100
0.3700005 100
0.3720005 100
0.3740005 100
0.3760005 100
0.3780005 100
0.3800005 100
0.3820005 100
0.3840005 100
0.3860005 100
0.3880005 100
0.3900005 100
0.3920005 100
0.3940005 100
0.3960005 100
0.3980005 100
0.4000005 100
0.4020005 100
0.4040005 100
0.4060005 100
0.4080005 100
0.4100005 100
0.4120005 100
0.4140005 100
0.4160005 100
0.4180005 100
0.4200005 100
0.4220005 100
0.4240005 100
0.4260005 100
0.4280005 100
0.4300005 100
0.4320005 100
0.4340005 100
0.4360005 100
0.4380005 100
0.4400005 100
0.4420005 100
0.4440005 100
0.4460005 100
0.4480005 100
0.4500005 100
0.4520005 100
0.4540005 100
0.4560005 100
0.4580005 100
0.4600005 100
0.4620005 100
0.4640005 100
0.4660005 100
0.4680005 100
0.4700005 100
0.4720005 100
0.4740005 100
0.4760005 100
0.4780005 100
0.4800005 100
0.4820005 100
0.4840005 100
0.4860005 100
0.4880005 100
0.4900005 100
0.4920005 100
0.4940005 100
0.4960005 100
0.4980005 100
0.4980005 100
0.4990005 100
0.5000005 100
0.5010005 100
0.5020005 100
0.5030005 100
0.5040005 100
0.5050005 100
0.5060005 100
0.5070005 100
0.5080005 100
0.5090005 100
0.5100005 100
0.5110005 100
0.5120005 100
0.5130005 100
0.5140005 100
0.5150005 100
0.5200005 100
0.5250005 100
0.5300005 100
0.5350005 100
0.5400005 100
0.5450005 100
0.5500005 100
0.5550005 100
0.5600005 100
0.5650005 100
0.5700005 100
0.5750005 100
0.5800005 100
0.5850005 100
0.5900005 100
0.5950005 100
0.6000005 100
0.6050005 100
0.6100005 100
0.6150005 100
0.6200005 100
0.6250005 100
0.6300005 100
0.6350005 100
0.6400005 100
0.6450005 100
0.6500005 100
0.6550005 100
0.6600005 100
0.6650005 100
0.6700005 100
0.6750005 100
0.6800005 100
0.6850005 100
0.6900005 100
0.6950005 100
0.7000005 100
0.7050005 100
0.7100005 100
0.7150005 100
0.7200005 100
0.7250005 100
0.7300005 100
0.7350005 100
0.7400005 100
0.7450005 100
0.7500005 100
0.7550005 100
0.7600005 100
0.7650005 100
0.7700005 100
0.7750005 100
0.7800005 100
0.7850005 100
0.7900005 100
0.7950005 100
0.8000005 100
0.8050005 100
0.8100005 100
0.8150005 100
0.8200005 100
0.8250005 100
0.8300005 100
0.8350005 100
0.8400005 100
0.8450005 100
0.8500005 100
0.8550005 100
0.8600005 100
0.8650005 100
0.8700005 100
0.8750005 100
0.8800005 100
0.8850005 100
0.8900005 100
0.8950005 100
0.9000005 100
0.9050005 100
0.9100005 100
0.9150005 100
0.9200005 100
0.9250005 100
0.9300005 100
0.9350005 100
0.9400005 100
0.9450005 100
0.9500005 100
0.9550005 100
0.9600005 100
0.9650005 100
0.9700005 100
0.9750005 100
0.9800005 100
0.9850005 100
0.9900005 100
0.9950005 100
1.0000005 100
1.0050005 100
1.0100005 100
1.0150005 100
1.0200005 100
1.0250005 100
1.0300005 100
1.0350005 100
1.0400005 100
1.0450005 100
1.0500005 100
1.0550005 100
1.0600005 100
1.0650005 100
1.0700005 100
1.0750005 100
1.0800005 100
1.0850005 100
1.0900005 100
1.0950005 100
1.1000005 100
1.1050005 100
1.1100005 100
1.1150005 100
1.1200005 100
1.1250005 100
1.1300005 100
1.1350005 100
1.1400005 100
1.1450005 100
1.1500005 100
1.1550005 100
1.1600005 100
1.1650005 100
1.1700005 100
1.1750005 100
1.1800005 100
1.1850005 100
1.1900005 100
1.1950005 100
1.2000005 100
1.2050005 100
1.2100005 100
1.2150005 100
1.2200005 100
1.2200005 94.946724
1.2210005 94.933963
1.2220005 94.927582
1.2220005 94.908441
1.2230005 94.908441
1.2240005 94.908441
1.2240005 94.908441
1.2250005 94.908441
1.2260005 94.908441
1.2260005 94.908441
1.2280005 94.908441
1.2300005 94.908441
1.2320005 94.908441
1.2340005 94.908441
1.2360005 94.908441
1.2380005 94.908441
1.2400005 94.908441
1.2420005 94.908441
1.2440005 94.908441
1.2460005 94.908441
1.2480005 94.908441
1.2500005 94.908441
1.2520005 94.908441
1.2540005 94.908441
1.2560005 94.908441
1.2580005 94.908441
1.2600005 94.908441
1.2620005 94.908441
1.2640005 94.908441
1.2660005 94.908441
1.2680005 94.908441
1.2700005 94.908441
1.2720005 94.908441
1.2740005 94.908441
1.2760005 94.908441
1.2780005 94.908441
1.2800005 94.908441
1.2820005 94.908441
1.2840005 94.908441
1.2860005 94.908441
1.2880005 94.908441
1.2900005 94.908441
1.2920005 94.908441
1.2940005 94.908441
1.2960005 94.908441
1.2980005 94.908441
1.3000005 94.908441
1.3020005 94.908441
1.3040005 94.908441
1.3060005 94.908441
1.3080005 94.908441
1.3100005 94.908441
1.3120005 94.908441
1.3140005 94.908441
1.3160005 94.908441
1.3180005 94.908441
1.3200005 94.908441
1.3220005 94.908441
1.3240005 94.908441
1.3260005 94.908441
1.3280005 94.908441
1.3300005 94.908441
1.3320005 94.908441
1.3340005 94.908441
1.3360005 94.908441
1.3380005 94.908441
1.3400005 94.908441
1.3420005 94.908441
1.3440005 94.908441
1.3460005 94.908441
1.3480005 94.908441
1.3500005 94.908441
1.3520005 94.908441
1.3540005 94.908441
1.3560005 94.908441
1.3580005 94.908441
1.3600005 94.908441
1.3620005 94.908441
1.3640005 94.908441
1.3660005 94.908441
1.3680005 94.908441
1.3700005 94.908441
1.3720005 94.908441
1.3740005 94.908441
1.3760005 94.908441
1.3780005 94.908441
1.3800005 94.908441
1.3820005 94.908441
1.3840005 94.908441
1.3860005 94.908441
1.3880005 94.908441
1.3900005 94.908441
1.3920005 94.908441
1.3940005 94.908441
1.3960005 94.908441
1.3980005 94.908441
1.4000005 94.908441
1.4020005 94.908441
1.4040005 94.908441
1.4060005 94.908441
1.4080005 94.908441
1.4100005 94.908441
1.4120005 94.908441
1.4140005 94.908441
1.4160005 94.908441
1.4180005 94.908441
1.4200005 94.908441
1.4220005 94.908441
1.4240005 94.908441
1.4260005 94.908441
1.4280005 94.908441
1.4300005 94.908441
1.4320005 94.908441
1.4340005 94.908441
1.4360005 94.908441
1.4380005 94.908441
1.4400005 94.908441
1.4420005 94.908441
1.4440005 94.908441
1.4460005 94.908441
1.4480005 94.908441
1.4500005 94.908441
1.4520005 94.908441
1.4540005 94.908441
1.4560005 94.908441
1.4580005 94.908441
1.4600005 94.908441
1.4620005 94.908441
1.4640005 94.908441
1.4660005 94.908441
1.4680005 94.908441
1.4700005 94.908441
1.4720005 94.908441
1.4740005 94.908441
1.4760005 94.908441
1.4780005 94.908441
1.4800005 94.908441
1.4820005 94.908441
1.4840005 94.908441
1.4860005 94.908441
1.4880005 94.908441
1.4900005 94.908441
1.4920005 94.908441
1.4940005 94.908441
1.4960005 94.908441
1.4980005 94.908441
1.5000005 94.908441
1.5020005 94.908441
1.5040005 94.908441
1.5060005 94.908441
1.5080005 94.908441
1.5100005 94.908441
1.5120005 94.908441
1.5140005 94.908441
1.5160005 94.908441
1.5180005 94.908441
1.5200005 94.908441
1.5220005 94.908441
1.5240005 94.908441
1.5260005 94.908441
1.5280005 94.908441
1.5300005 94.908441
1.5320005 94.908441
1.5340005 94.908441
1.5360005 94.908441
1.5380005 94.908441
1.5400005 94.908441
1.5420005 94.908441
1.5440005 94.908441
1.5460005 94.908441
1.5480005 94.908441
1.5520005 94.908441
1.5560005 94.908441
1.5600005 94.908441
1.5640005 94.908441
1.5680005 94.908441
1.5720005 94.908441
1.5760005 94.908441
1.5800005 94.908441
1.5840005 94.908441
1.5880005 94.908441
1.5920005 94.908441
1.5960005 94.908441
1.6000005 94.908441
1.6040005 94.908441
1.6080005 94.908441
1.6120005 94.908441
1.6160005 94.908441
1.6200005 94.908441
1.6240005 94.908441
1.6280005 94.908441
1.6320005 94.908441
1.6360005 94.908441
1.6400005 94.908441
1.6420005 94.908441
1.6440005 94.908441
1.6460005 94.908441
1.6480005 94.908441
1.6500005 94.908441
1.6520005 94.908441
1.6540005 94.908441
1.6560005 94.908441
1.6580005 94.908441
1.6600005 94.908441
1.6620005 94.908441
1.6640005 94.908441
1.6660005 94.908441
1.6680005 94.908441
1.6700005 94.908441
1.6720005 94.908441
1.6740005 94.908441
1.6760005 94.908441
1.6780005 94.908441
1.6800005 94.908441
1.6820005 94.908441
1.6840005 94.908441
1.6860005 94.908441
1.6880005 94.908441
1.6900005 94.908441
1.6920005 94.908441
1.6940005 94.908441
1.6960005 94.908441
1.6980005 94.908441
1.7000005 94.908441
1.7020005 94.908441
1.7040005 94.908441
1.7060005 94.908441
1.7080005 94.908441
1.7100005 94.908441
1.7120005 94.908441
1.7140005 94.908441
1.7160005 94.908441
1.7180005 94.908441
1.7200005 94.908441
1.7220005 94.908441
1.7240005 94.908441
1.7260005 94.908441
1.7280005 94.908441
1.7300005 94.908441
1.7320005 94.908441
1.7340005 94.908441
1.7360005 94.908441
1.7380005 94.908441
1.7400005 94.908441
1.7420005 94.908441
1.7440005 94.908441
1.7460005 94.908441
1.7480005 94.908441
1.7500005 94.908441
1.7520005 94.908441
1.7540005 94.908441
1.7560005 94.908441
1.7580005 94.908441
1.7600005 94.908441
1.7620005 94.908441
1.7640005 94.908441
1.7660005 94.908441
1.7680005 94.908441
1.7700005 94.908441
1.7720005 94.908441
1.7740005 94.908441
1.7760005 94.908441
1.7780005 94.908441
1.7800005 94.908441
1.7840005 94.908441
1.7880005 94.908441
1.7920005 94.908441
1.7960005 94.908441
1.8000005 94.908441
1.8040005 94.908441
1.8080005 94.908441
1.8120005 94.908441
1.8160005 94.908441
1.8200005 94.908441
1.8240005 94.908441
1.8280005 94.908441
1.8320005 94.908441
1.8360005 94.908441
1.8400005 94.908441
1.8440005 94.908441
1.8480005 94.908441
1.8520005 94.908441
1.8560005 94.908441
1.8600005 94.908441
1.8640005 94.908441
1.8680005 94.908441
1.8720005 94.908441
1.8740005 94.908441
1.8760005 94.908441
1.8780005 94.908441
1.8800005 94.908441
1.8820005 94.908441
1.8840005 94.908441
1.8860005 94.908441
1.8880005 94.908441
1.8900005 94.908441
1.8920005 94.908441
1.8940005 94.908441
1.8960005 94.908441
1.8980005 94.908441
1.9000005 94.908441
1.9020005 94.908441
1.9040005 94.908441
1.9060005 94.908441
1.9080005 94.908441
1.9100005 94.908441
1.9120005 94.908441
1.9140005 94.908441
1.9160005 94.908441
1.9180005 94.908441
1.9200005 94.908441
1.9220005 94.908441
1.9240005 94.908441
1.9260005 94.908441
1.9280005 94.908441
1.9300005 94.908441
1.9320005 94.908441
1.9340005 94.908441
1.9360005 94.908441
1.9380005 94.908441
1.9400005 94.908441
1.9420005 94.908441
1.9440005 94.908441
1.9460005 94.908441
1.9480005 94.908441
1.9500005 94.908441
1.9520005 94.908441
1.9540005 94.908441
1.9560005 94.908441
1.9580005 94.908441
1.9600005 94.908441
1.9620005 94.908441
1.9640005 94.908441
1.9660005 94.908441
1.9680005 94.908441
1.9700005 94.908441
1.9720005 94.908441
1.9740005 94.908441
1.9760005 94.908441
1.9780005 94.908441
1.9800005 94.908441
1.9820005 94.908441
1.9840005 94.908441
1.9860005 94.908441
1.9880005 94.908441
1.9900005 94.908441
1.9920005 94.908441
1.9940005 94.908441
1.9960005 94.908441
1.9980005 94.908441
2.0000005 94.908441
2.0020005 94.908441
2.0040005 94.908441
2.0060005 94.908441
2.0080005 94.908441
2.0100005 94.908441
2.0120005 94.908441
2.0140005 94.908441
2.0160005 94.908441
2.0180005 94.908441
2.0200005 94.908441
2.0220005 94.908441
2.0240005 94.908441
2.0260005 94.908441
2.0280005 94.908441
2.0300005 94.908441
2.0320005 94.908441
2.0340005 94.908441
2.0360005 94.908441
2.0380005 94.908441
2.0400005 94.908441
2.0420005 94.908441
2.0440005 94.908441
2.0460005 94.908441
2.0480005 94.908441
2.0500005 94.908441
2.0520005 94.908441
2.0540005 94.908441
2.0560005 94.908441
2.0580005 94.908441
2.0600005 94.908441
2.0620005 94.908441
2.0640005 94.908441
2.0660005 94.908441
2.0680005 94.908441
2.0700005 94.908441
2.0720005 94.908441
2.0740005 94.908441
2.0760005 94.908441
2.0780005 94.908441
2.0800005 94.908441
2.0820005 94.908441
2.0840005 94.908441
2.0860005 94.908441
2.0880005 94.908441
2.0900005 94.908441
2.0920005 94.908441
2.0940005 94.908441
2.0960005 94.908441
2.0980005 94.908441
2.1000005 94.908441
2.1020005 94.908441
2.1040005 94.908441
2.1060005 94.908441
2.1080005 94.908441
2.1100005 94.908441
2.1120005 94.908441
2.1130005 94.908441
2.1150005 94.908441
2.1170005 94.908441
2.1190005 94.908441
2.1210005 94.908441
2.1230005 94.908441
2.1250005 94.908441
2.1270005 94.908441
2.1290005 94.908441
2.1310005 94.908441
2.1330005 94.908441
2.1350005 94.908441
2.1370005 94.908441
2.1390005 94.908441
2.1410005 94.908441
2.1430005 94.908441
2.1450005 94.908441
2.1470005 94.908441
2.1490005 94.908441
2.1510005 94.908441
2.1530005 94.908441
2.1550005 94.908441
2.1570005 94.908441
2.1590005 94.908441
2.1610005 94.908441
2.1630005 94.908441
2.1650005 94.908441
2.1670005 94.908441
2.1690005 94.908441
2.1710005 94.908441
2.1730005 94.908441
2.1750005 94.908441
2.1770005 94.908441
2.1790005 94.908441
2.1810005 94.908441
2.1830005 94.908441
2.1850005 94.908441
2.1870005 94.908441
2.1890005 94.908441
2.1910005 94.908441
2.1930005 94.908441
2.1950005 94.908441
2.1970005 94.908441
2.1990005 94.908441
2.2010005 94.908441
2.2030005 94.908441
2.2050005 94.908441
2.2070005 94.908441
2.2090005 94.908441
2.2110005 94.908441
2.2130005 94.908441
2.2150005 94.908441
2.2170005 94.908441
2.2190005 94.908441
2.2210005 94.908441
2.2230005 94.908441
2.2250005 94.908441
2.2270005 94.908441
2.2290005 94.908441
2.2310005 94.908441
2.2330005 94.908441
2.2350005 94.908441
2.2370005 94.908441
2.2390005 94.908441
2.2410005 94.908441
2.2430005 94.908441
2.2450005 94.908441
2.2470005 94.908441
2.2490005 94.908441
2.2510005 94.908441
2.2530005 94.908441
2.2550005 94.908441
2.2570005 94.908441
2.2590005 94.908441
2.2610005 94.908441
2.2630005 94.908441
2.2650005 94.908441
2.2670005 94.908441
2.2690005 94.908441
2.2710005 94.908441
2.2730005 94.908441
2.2750005 94.908441
2.2770005 94.908441
2.2790005 94.908441
2.2810005 94.908441
2.2830005 94.908441
2.2850005 94.908441
2.2870005 94.908441
2.2890005 94.908441
2.2910005 94.908441
2.2930005 94.908441
2.2950005 94.908441
2.2970005 94.908441
2.2990005 94.908441
2.3010005 94.908441
2.3030005 94.908441
2.3050005 94.908441
2.3070005 94.908441
2.3090005 94.908441
2.3110005 94.908441
2.3130005 94.908441
2.3150005 94.908441
2.3170005 94.908441
2.3190005 94.908441
2.3210005 94.908441
2.3230005 94.908441
2.3250005 94.908441
2.3270005 94.908441
2.3290005 94.908441
2.3310005 94.908441
2.3330005 94.908441
2.3350005 94.908441
2.3370005 94.908441
2.3390005 94.908441
2.3410005 94.908441
2.3430005 94.908441
2.3450005 94.908441
2.3470005 94.908441
2.3490005 94.908441
2.3510005 94.908441
2.3530005 94.908441
2.3550005 94.908441
2.3570005 94.908441
2.3590005 94.908441
2.3610005 94.908441
2.3630005 94.908441
2.3650005 94.908441
2.3670005 94.908441
2.3690005 94.908441
2.3710005 94.908441
2.3730005 94.908441
2.3750005 94.908441
2.3770005 94.908441
2.3790005 94.908441
2.3810005 94.908441
2.3830005 94.908441
2.3850005 94.908441
2.3870005 94.908441
2.3890005 94.908441
2.3910005 94.908441
2.3930005 94.908441
2.3950005 94.908441
2.3970005 94.908441
2.3990005 94.908441
2.4010005 94.908441
2.4030005 94.908441
2.4050005 94.908441
2.4070005 94.908441
2.4090005 94.908441
2.4110005 94.908441
2.4130005 94.908441
2.4150005 94.908441
2.4170005 94.908441
2.4190005 94.908441
2.4210005 94.908441
2.4230005 94.908441
2.4250005 94.908441
2.4270005 94.908441
2.4290005 94.908441
2.4310005 94.908441
2.4330005 94.908441
2.4350005 94.908441
2.4370005 94.908441
2.4390005 94.908441
2.4410005 94.908441
2.4430005 94.908441
2.4450005 94.908441
2.4470005 94.908441
2.4490005 94.908441
2.4510005 94.908441
2.4530005 94.908441
2.4550005 94.908441
2.4570005 94.908441
2.4590005 94.908441
2.4610005 94.908441
2.4630005 94.908441
2.4650005 94.908441
2.4670005 94.908441
2.4690005 94.908441
2.4710005 94.908441
2.4730005 94.908441
2.4750005 94.908441
2.4770005 94.908441
2.4790005 94.908441
2.4810005 94.908441
2.4830005 94.908441
2.4850005 94.908441
2.4870005 94.908441
2.4890005 94.908441
2.4910005 94.908441
2.4930005 94.908441
2.4950005 94.908441
2.4970005 94.908441
2.4990005 94.908441
2.5010005 94.908441
2.5030005 94.908441
2.5050005 94.908441
2.5070005 94.908441
2.5090005 94.908441
2.5110005 94.908441
2.5130005 94.908441
2.5150005 94.908441
2.5170005 94.908441
2.5190005 94.908441
2.5210005 94.908441
2.5230005 94.908441
2.5250005 94.908441
2.5270005 94.908441
2.5290005 94.908441
2.5310005 94.908441
2.5330005 94.908441
2.5350005 94.908441
2.5370005 94.908441
2.5390005 94.908441
2.5410005 94.908441
2.5430005 94.908441
2.5450005 94.908441
2.5470005 94.908441
2.5490005 94.908441
2.5510005 94.908441
2.5530005 94.908441
2.5550005 94.908441
2.5570005 94.908441
2.5590005 94.908441
2.5610005 94.908441
2.5630005 94.908441
2.5650005 94.908441
2.5670005 94.908441
2.5690005 94.908441
2.5710005 94.908441
2.5730005 94.908441
2.5750005 94.908441
2.5770005 94.908441
2.5790005 94.908441
2.5810005 94.908441
2.5830005 94.908441
2.5850005 94.908441
2.5870005 94.908441
2.5890005 94.908441
2.5910005 94.908441
2.5930005 94.908441
2.5950005 94.908441
2.5970005 94.908441
2.5990005 94.908441
2.6010005 94.908441
2.6030005 94.908441
2.6050005 94.908441
2.6070005 94.908441
2.6090005 94.908441
2.6110005 94.908441
2.6130005 94.908441
2.6150005 94.908441
2.6170005 94.908441
2.6190005 94.908441
2.6210005 94.908441
2.6230005 94.908441
2.6250005 94.908441
2.6270005 94.908441
2.6290005 94.908441
2.6310005 94.908441
2.6330005 94.908441
2.6350005 94.908441
2.6370005 94.908441
2.6390005 94.908441
2.6410005 94.908441
2.6430005 94.908441
2.6450005 94.908441
2.6470005 94.908441
2.6490005 94.908441
2.6510005 94.908441
2.6530005 94.908441
2.6550005 94.908441
2.6570005 94.908441
2.6590005 94.908441
2.6610005 94.908441
2.6630005 94.908441
2.6650005 94.908441
2.6670005 94.908441
2.6690005 94.908441
2.6710005 94.908441
2.6730005 94.908441
2.6750005 94.908441
2.6770005 94.908441
2.6790005 94.908441
2.6810005 94.908441
2.6830005 94.908441
2.6850005 94.908441
2.6870005 94.908441
2.6890005 94.908441
2.6910005 94.908441
2.6930005 94.908441
2.6950005 94.908441
2.6970005 94.908441
2.6990005 94.908441
2.7010005 94.908441
2.7030005 94.908441
2.7050005 94.908441
2.7070005 94.908441
2.7090005 94.908441
2.7110005 94.908441
2.7130005 94.908441
2.7150005 94.908441
2.7170005 94.908441
2.7190005 94.908441
2.7210005 94.908441
2.7230005 94.908441
2.7250005 94.908441
2.7270005 94.908441
2.7290005 94.908441
2.7310005 94.908441
2.7330005 94.908441
2.7350005 94.908441
2.7370005 94.908441
2.7390005 94.908441
2.7410005 94.908441
2.7430005 94.908441
2.7450005 94.908441
2.7470005 94.908441
2.7490005 94.908441
2.7510005 94.908441
2.7530005 94.908441
2.7550005 94.908441
2.7570005 94.908441
2.7590005 94.908441
2.7610005 94.908441
2.7630005 94.908441
2.7650005 94.908441
2.7670005 94.908441
2.7690005 94.908441
2.7710005 94.908441
2.7730005 94.908441
2.7750005 94.908441
2.7770005 94.908441
2.7790005 94.908441
2.7810005 94.908441
2.7830005 94.908441
2.7850005 94.908441
2.7870005 94.908441
2.7890005 94.908441
2.7910005 94.908441
2.7930005 94.908441
2.7950005 94.908441
2.7970005 94.908441
2.7990005 94.908441
2.8010005 94.908441
2.8030005 94.908441
2.8050005 94.908441
2.8070005 94.908441
2.8090005 94.908441
2.8110005 94.908441
2.8130005 94.908441
2.8150005 94.908441
2.8170005 94.908441
2.8190005 94.908441
2.8210005 94.908441
2.8230005 94.908441
2.8250005 94.908441
2.8270005 94.908441
2.8290005 94.908441
2.8310005 94.908441
2.8330005 94.908441
2.8350005 94.908441
2.8370005 94.908441
2.8390005 94.908441
2.8410005 94.908441
2.8430005 94.908441
2.8450005 94.908441
2.8470005 94.908441
2.8490005 94.908441
2.8510005 94.908441
2.8530005 94.908441
2.8550005 94.908441
2.8570005 94.908441
2.8590005 94.908441
2.8610005 94.908441
2.8630005 94.908441
2.8650005 94.908441
2.8670005 94.908441
2.8690005 94.908441
2.8710005 94.908441
2.8730005 94.908441
2.8750005 94.908441
2.8770005 94.908441
2.8790005 94.908441
2.8810005 94.908441
2.8830005 94.908441
2.8850005 94.908441
2.8870005 94.908441
2.8890005 94.908441
2.8910005 94.908441
2.8930005 94.908441
2.8950005 94.908441
2.8970005 94.908441
2.8990005 94.908441
2.9010005 94.908441
2.9030005 94.908441
2.9050005 94.908441
2.9070005 94.908441
2.9090005 94.908441
2.9110005 94.908441
2.9130005 94.908441
2.9150005 94.908441
2.9170005 94.908441
2.9190005 94.908441
2.9210005 94.908441
2.9221005 94.908441
2.9241005 94.908441
2.9261005 94.908441
2.9281005 94.902061
2.9301005 94.902061
2.9321005 94.902061
2.9341005 94.89568
2.9361005 94.89568
2.9381005 94.89568
2.9401005 94.89568
2.9421005 94.88292
2.9441005 94.88292
2.9461005 94.88292
2.9481005 94.88292
2.9501005 94.88292
2.9521005 94.870159
2.9541005 94.863778
2.9561005 94.851018
2.9581005 94.851018
2.9601005 94.851018
2.9621005 94.844637
2.9641005 94.838257
2.9661005 94.831876
2.9681005 94.831876
2.9701005 94.831876
2.9721005 94.831876
2.9741005 94.831876
2.9761005 94.831876
2.9781005 94.831876
2.9801005 94.831876
2.9821005 94.831876
2.9841005 94.831876
2.9861005 94.831876
2.9881005 94.831876
2.9901005 94.831876
2.9921005 94.831876
2.9941005 94.831876
2.9961005 94.831876
2.9981005 94.831876
3.0001005 94.831876
3.0021005 94.831876
3.0041005 94.831876
3.0061005 94.831876
3.0081005 94.831876
3.0101005 94.831876
3.0121005 94.831876
3.0141005 94.831876
3.0161005 94.831876
3.0181005 94.831876
3.0201005 94.831876
3.0221005 94.831876
3.0241005 94.831876
3.0261005 94.831876
3.0281005 94.831876
3.0301005 94.831876
3.0321005 94.831876
3.0341005 94.831876
3.0361005 94.831876
3.0381005 94.831876
3.0401005 94.831876
3.0421005 94.831876
3.0441005 94.831876
3.0461005 94.831876
3.0481005 94.831876
3.0501005 94.831876
3.0521005 94.831876
3.0541005 94.831876
3.0561005 94.831876
3.0581005 94.831876
3.0601005 94.831876
3.0621005 94.831876
3.0641005 94.831876
3.0661005 94.831876
3.0681005 94.831876
3.0701005 94.831876
3.0721005 94.831876
3.0741005 94.831876
3.0761005 94.831876
3.0781005 94.831876
3.0801005 94.831876
3.0821005 94.831876
3.0841005 94.831876
3.0861005 94.831876
3.0881005 94.831876
3.0901005 94.831876
3.0921005 94.831876
3.0941005 94.831876
3.0961005 94.831876
3.0981005 94.831876
3.1001005 94.831876
3.1021005 94.831876
3.1041005 94.831876
3.1061005 94.831876
3.1081005 94.831876
3.1101005 94.831876
3.1121005 94.831876
3.1141005 94.831876
3.1161005 94.831876
3.1181005 94.831876
3.1201005 94.831876
3.1221005 94.831876
3.1241005 94.831876
3.1261005 94.831876
3.1281005 94.831876
3.1301005 94.831876
3.1321005 94.831876
3.1341005 94.831876
3.1361005 94.831876
3.1381005 94.831876
3.1401005 94.831876
3.1421005 94.831876
3.1441005 94.831876
3.1461005 94.831876
3.1481005 94.831876
3.1501005 94.831876
3.1521005 94.831876
3.1541005 94.831876
3.1561005 94.831876
3.1581005 94.831876
3.1601005 94.831876
3.1621005 94.831876
3.1641005 94.831876
3.1661005 94.831876
3.1681005 94.831876
3.1701005 94.831876
3.1721005 94.831876
3.1741005 94.831876
3.1761005 94.831876
3.1781005 94.831876
3.1795005 94.831876
3.1845005 94.831876
3.1895005 94.831876
3.1945005 94.831876
3.1995005 94.831876
3.2045005 94.831876
3.2095005 94.831876
3.2145005 94.831876
3.2195005 94.831876
3.2245005 94.831876
3.2295005 94.831876
3.2345005 94.831876
3.2395005 94.831876
3.2445005 94.831876
3.2495005 94.831876
3.2545005 94.831876
3.2595005 94.831876
3.2645005 94.831876
3.2695005 94.831876
3.2745005 94.831876
3.2795005 94.831876
3.2845005 94.831876
3.2895005 94.831876
3.2945005 94.831876
3.2995005 94.831876
3.3045005 94.831876
3.3095005 94.831876
3.3145005 94.831876
3.3195005 94.831876
3.3245005 94.831876
3.3295005 94.831876
3.3345005 94.831876
3.3395005 94.831876
3.3433605 94.831876
