Position  
0 5.77314104744
5.99999999906e-07 5.7731328
5.99999999906e-07 5.7731328
5.99999999906e-07 5.7731328
0.0050006 5.7407084
0.0100006 5.7083778
0.0150006 5.6761436
0.0200006 5.6440082
0.0250005 5.6119714
0.0300005 5.5800366
0.0350005 5.5482049
0.0400005 5.5164776
0.0450005 5.4848571
0.0500005 5.4533453
0.0550005 5.4219441
0.0600005 5.3906546
0.0650005 5.3594804
0.0700005 5.3284221
0.0750005 5.297482
0.0800005 5.2666621
0.0850005 5.2359653
0.0900005 5.2053933
0.0950005 5.1749482
0.1000005 5.1446323
0.1050006 5.1144476
0.1100006 5.0843973
0.1150006 5.0544834
0.1200006 5.0247073
0.1250006 4.9950733
0.1300006 4.9655824
0.1350006 4.9362383
0.1400006 4.9070425
0.1450006 4.8779988
0.1500005 4.8491092
0.1550005 4.8203764
0.1600005 4.7918043
0.1650005 4.7633944
0.1700005 4.7351499
0.1750005 4.7070746
0.1800005 4.6791711
0.1850005 4.6514421
0.1900005 4.6238914
0.1950005 4.5965214
0.2000005 4.5693364
0.2050005 4.5423388
0.2080005 4.5262313
0.2090006 4.5208778
0.2100005 4.515532
0.2110005 4.5101938
0.2120006 4.5048637
0.2130005 4.4995413
0.2140006 4.4942265
0.2150005 4.4889197
0.2160005 4.4836211
0.2170006 4.4783306
0.2180005 4.4730477
0.2190006 4.467773
0.2200005 4.4625063
0.2210005 4.4572473
0.2220006 4.4519968
0.2230005 4.4467545
0.2240005 4.4415197
0.2250005 4.4362936
0.2260005 4.4310756
0.2270006 4.4258661
0.2280005 4.4206648
0.2290005 4.4154711
0.2300006 4.4102864
0.2310005 4.4051099
0.2320006 4.3999419
0.2330005 4.3947816
0.2340005 4.3896308
0.2350006 4.3844881
0.2360005 4.3793535
0.2370006 4.3742275
0.2380005 4.3691101
0.2390005 4.3640022
0.2400006 4.3589015
0.2410005 4.3538108
0.2420006 4.3487277
0.2430005 4.3436537
0.2440005 4.3385887
0.2450006 4.3335319
0.2460005 4.3284841
0.2470006 4.3234458
0.2480005 4.3184156
0.2490005 4.3133945
0.2500006 4.3083825
0.2510005 4.3033791
0.2520005 4.2983847
0.2530005 4.2933998
0.2540005 4.288424
0.2550006 4.2834568
0.2560005 4.2784986
0.2570005 4.2735496
0.2580006 4.2686105
0.2590005 4.26368
0.2600006 4.258759
0.2610005 4.2538471
0.2620005 4.2489443
0.2630006 4.244051
0.2640005 4.2391672
0.2650006 4.2342925
0.2660005 4.2294278
0.2670005 4.2245722
0.2680006 4.2197261
0.2690005 4.2148895
0.2700006 4.210063
0.2710005 4.2052455
0.2720005 4.2004375
0.2730006 4.1956396
0.2740005 4.1908512
0.2750005 4.1860723
0.2760005 4.1813035
0.2770005 4.1765447
0.2780006 4.1717958
0.2790005 4.1670561
0.2800005 4.1623263
0.2810006 4.1576071
0.2820005 4.1528978
0.2830006 4.1481981
0.2840005 4.1435084
0.2850005 4.1388292
0.2860006 4.13416
0.2870005 4.1295004
0.2880006 4.1248512
0.2890005 4.120213
0.2900005 4.1155844
0.2910006 4.1109657
0.2920005 4.1063581
0.2930006 4.1017604
0.2940005 4.0971732
0.2950005 4.0925961
0.2960006 4.0880299
0.2970005 4.0834737
0.2980006 4.0789285
0.2990005 4.0743937
0.3000005 4.0698695
0.3010006 4.0653558
0.3020005 4.060853
0.3030005 4.0563607
0.3040005 4.0518789
0.3050005 4.0474081
0.3060006 4.0429487
0.3070005 4.0384994
0.3080005 4.034061
0.3090006 4.029634
0.3100005 4.0252175
0.3110006 4.020812
0.3120005 4.0164175
0.3130005 4.0120344
0.3140006 4.0076623
0.3150005 4.0033011
0.3160006 3.998951
0.3170005 3.9946125
0.3180005 3.9902852
0.3190006 3.9859688
0.3200005 3.9816639
0.3210006 3.9773705
0.3220005 3.9730883
0.3230005 3.9688177
0.3240006 3.9645581
0.3250005 3.9603105
0.3260005 3.9560745
0.3270005 3.9518495
0.3280005 3.9476366
0.3290006 3.9434354
0.3300005 3.9392455
0.3310005 3.9350674
0.3320006 3.9309013
0.3330005 3.9267466
0.3340006 3.9226041
0.3350005 3.9184732
0.3360005 3.9143543
0.3370006 3.9102478
0.3380005 3.9061527
0.3390006 3.9020698
0.3400005 3.897999
0.3410005 3.89394
0.3420006 3.8898935
0.3430005 3.8858593
0.3440006 3.8818369
0.3450005 3.8778267
0.3460005 3.8738291
0.3470006 3.8698437
0.3480005 3.8658707
0.3490005 3.8619099
0.3500005 3.8579619
0.3510005 3.8540261
0.3520006 3.8501029
0.3530005 3.8461924
0.3540005 3.8422942
0.3550006 3.8384089
0.3560005 3.8345361
0.3570006 3.8306761
0.3580005 3.8268287
0.3600006 3.8191726
0.3620006 3.8115678
0.3640005 3.8040147
0.3660005 3.7965136
0.3680005 3.7890651
0.3700006 3.7816694
0.3720006 3.7743263
0.3740005 3.7670367
0.3760005 3.7598004
0.3780005 3.7526183
0.3800006 3.7454906
0.3820005 3.7384171
0.3840005 3.7313986
0.3860005 3.7244351
0.3880006 3.7175272
0.3900006 3.7106752
0.3920005 3.7038791
0.3940005 3.6971395
0.3960005 3.6904564
0.3980006 3.6838305
0.4000005 3.6772621
0.4020005 3.6707511
0.4040005 3.6642981
0.4060006 3.657903
0.4080006 3.6515667
0.4100005 3.6452894
0.4120005 3.6390712
0.4140005 3.6329124
0.4160006 3.6268134
0.4180006 3.6207745
0.4200005 3.6147959
0.4220005 3.6088779
0.4240005 3.6030209
0.4260006 3.5972252
0.4280005 3.5914912
0.4300005 3.585819
0.4320005 3.5802085
0.4340006 3.574661
0.4360006 3.5691762
0.4380005 3.5637543
0.4400005 3.5583956
0.4420005 3.5531006
0.4440006 3.5478694
0.4460006 3.5427024
0.4480005 3.5376
0.4500005 3.5325623
0.4520005 3.5275893
0.4540006 3.5226817
0.4560005 3.5178399
0.4580005 3.5130637
0.4600005 3.5083537
0.4620006 3.50371
0.4640006 3.4991329
0.4660005 3.4946227
0.4680005 3.4901795
0.4700005 3.4858038
0.4720006 3.4814961
0.4740005 3.4772561
0.4760005 3.473084
0.4780005 3.4689806
0.4800006 3.4649456
0.4820006 3.4609795
0.4840005 3.4570827
0.4860005 3.4532552
0.4880005 3.4494972
0.4900006 3.4458091
0.4920006 3.4421911
0.4940005 3.4386432
0.4960005 3.4351659
0.4980005 3.4317594
0.4980005 3.4317594
0.4990005 3.4300826
0.5000006 3.4284236
0.5010005 3.4267824
0.5020005 3.4251587
0.5030005 3.4235532
0.5040005 3.4219656
0.5050006 3.4203956
0.5060005 3.4188437
0.5070005 3.4173095
0.5080006 3.4157937
0.5090005 3.4142954
0.5100006 3.4128153
0.5110005 3.4113533
0.5120005 3.409909
0.5130006 3.4084833
0.5140005 3.4070754
0.5150006 3.4056854
0.5200006 3.3990092
0.5250005 3.3927889
0.5300005 3.3870273
0.5350005 3.3817263
0.5400005 3.3768885
0.5450005 3.3725157
0.5500005 3.3686101
0.5550005 3.3651729
0.5600005 3.3622053
0.5650005 3.3597093
0.5700005 3.3576853
0.5750005 3.3561344
0.5800005 3.3550575
0.5850005 3.3544548
0.5900005 3.3543262
0.5950005 3.3546724
0.6000005 3.3554928
0.6050006 3.3567874
0.6100006 3.3585556
0.6150006 3.3607962
0.6200006 3.3635087
0.6250006 3.3666921
0.6300006 3.3703444
0.6350006 3.3744648
0.6400006 3.3790512
0.6450006 3.3841016
0.6500005 3.3896143
0.6550005 3.3955867
0.6600005 3.4020169
0.6650005 3.4089017
0.6700005 3.4162385
0.6750005 3.4240243
0.6800005 3.4322569
0.6850005 3.4409318
0.6900005 3.4500465
0.6950005 3.4595976
0.7000005 3.4695809
0.7050005 3.4799929
0.7100005 3.4908302
0.7150005 3.5020881
0.7200005 3.5137634
0.7250005 3.5258512
0.7300006 3.5383477
0.7350006 3.5512486
0.7400006 3.5645492
0.7450006 3.5782452
0.7500006 3.5923321
0.7550006 3.6068056
0.7600006 3.6216605
0.7650006 3.6368923
0.7700006 3.6524971
0.7750005 3.6684687
0.7800004 3.6848035
0.7850005 3.7014959
0.7900004 3.7185416
0.7950005 3.7359357
0.8000006 3.7536733
0.8050005 3.7717495
0.8100006 3.7901595
0.8150005 3.8088982
0.8200006 3.8279612
0.8250005 3.8473437
0.8300006 3.8670404
0.8350005 3.8870468
0.8400006 3.9073582
0.8450005 3.9279699
0.8500006 3.9488771
0.8550005 3.9700749
0.8600006 3.991559
0.8650005 4.0133252
0.8700006 4.035368
0.8750005 4.0576835
0.8800006 4.080267
0.8850004 4.1031141
0.8900006 4.1262207
0.8950004 4.1495824
0.9000005 4.1731939
0.9050004 4.1970525
0.9100005 4.2211533
0.9150004 4.245492
0.9200005 4.2700653
0.9250006 4.294868
0.9300005 4.3198967
0.9350006 4.3451486
0.9400005 4.3706179
0.9450006 4.3963017
0.9500005 4.4221969
0.9550006 4.4482985
0.9600005 4.4746037
0.9650006 4.5011091
0.9700005 4.5278106
0.9750006 4.5547051
0.9800005 4.5817895
0.9850006 4.6090598
0.9900005 4.6365132
0.9950006 4.6641464
1.0000005 4.6919556
1.0050006 4.7199388
1.0100004 4.7480917
1.0150006 4.776412
1.0200004 4.8048973
1.0250005 4.8335438
1.0300004 4.8623486
1.0350005 4.8913093
1.0400004 4.920423
1.0450005 4.949687
1.0500006 4.9790993
1.0550005 5.008656
1.0600006 5.0383554
1.0650005 5.0681949
1.0700006 5.0981722
1.0750005 5.1282845
1.0800006 5.1585293
1.0850005 5.1889048
1.0900006 5.2194085
1.0950005 5.2500381
1.1000006 5.2807918
1.1050005 5.3116665
1.1100006 5.3426614
1.1150005 5.3737731
1.1200006 5.4050002
1.1250005 5.4363413
1.1300006 5.4677939
1.1350004 5.4993553
1.1400006 5.5310249
1.1450004 5.5628004
1.1500005 5.5946803
1.1550004 5.6266618
1.1600005 5.6587443
1.1650004 5.6909251
1.1700005 5.7232037
1.1750006 5.7555771
1.1800005 5.7880449
1.1850006 5.8206053
1.1900005 5.8532562
1.1950006 5.8859963
1.2000005 5.9188247
1.2050006 5.9517388
1.2100005 5.9847383
1.2150006 6.0178213
1.2200005 6.0509868
1.2200005 5.3758173
1.2210006 5.3803105
1.2220006 5.3854728
1.2220006 5.3833499
1.2230005 5.3892274
1.2240004 5.3951092
1.2240004 5.3951092
1.2250006 5.4009948
1.2260005 5.4068837
1.2260005 5.4068837
1.2280006 5.4186726
1.2300005 5.4304767
1.2320006 5.4422951
1.2340004 5.4541283
1.2360005 5.4659753
1.2380006 5.4778366
1.2400005 5.4897127
1.2420006 5.5016026
1.2440006 5.5135069
1.2460005 5.5254245
1.2480006 5.5373569
1.2500005 5.5493021
1.2520005 5.5612617
1.2540006 5.5732346
1.2560005 5.5852208
1.2580006 5.5972209
1.2600004 5.6092339
1.2620005 5.6212602
1.2640006 5.6332998
1.2660005 5.6453524
1.2680006 5.6574178
1.2700004 5.6694965
1.2720005 5.6815877
1.2740006 5.6936917
1.2760005 5.7058086
1.2780006 5.7179379
1.2800004 5.7300801
1.2820005 5.7422342
1.2840006 5.7544007
1.2860005 5.7665796
1.2880006 5.7787704
1.2900004 5.7909741
1.2920005 5.8031893
1.2940006 5.8154163
1.2960005 5.8276553
1.2980006 5.8399062
1.3000006 5.852169
1.3020005 5.8644433
1.3040006 5.876729
1.3060004 5.8890266
1.3080005 5.9013352
1.3100006 5.9136553
1.3120005 5.9259868
1.3140006 5.9383297
1.3160004 5.9506836
1.3180005 5.9630489
1.3200006 5.9754248
1.3220005 5.987812
1.3240006 6.0002098
1.3260004 6.0126185
1.3280005 6.0250378
1.3300006 6.037468
1.3320005 6.0499086
1.3340006 6.0623598
1.3360004 6.0748219
1.3380005 6.0872941
1.3400006 6.0997767
1.3420005 6.1122694
1.3440006 6.1247725
1.3460006 6.1372862
1.3480005 6.1498098
1.3500006 6.162343
1.3520005 6.1748867
1.3540005 6.1874399
1.3560006 6.2000036
1.3580005 6.2125764
1.3600006 6.2251592
1.3620004 6.237752
1.3640005 6.2503538
1.3660006 6.2629657
1.3680005 6.2755866
1.3700006 6.2882175
1.3720004 6.3008575
1.3740005 6.3135071
1.3760006 6.3261662
1.3780005 6.3388338
1.3800006 6.351511
1.3820004 6.3641973
1.3840005 6.3768926
1.3860006 6.3895969
1.3880005 6.4023104
1.3900006 6.4150324
1.3920004 6.4277635
1.3940005 6.4405036
1.3960006 6.4532518
1.3980005 6.4660096
1.4000005 6.4787755
1.4020006 6.4915504
1.4040005 6.504333
1.4060006 6.5171247
1.4080004 6.5299249
1.4100005 6.5431709
1.4120006 6.5573025
1.4140005 6.5723214
1.4160006 6.5882292
1.4180004 6.6050277
1.4200005 6.6227202
1.4220006 6.6413078
1.4240005 6.6607933
1.4260006 6.6811795
1.4280004 6.7024693
1.4300005 6.7246647
1.4320006 6.7477694
1.4340005 6.7717857
1.4360006 6.7967172
1.4380004 6.8225665
1.4400005 6.8493385
1.4420006 6.8770351
1.4440005 6.9056606
1.4460006 6.9352183
1.4480006 6.965713
1.4500005 6.997148
1.4520006 7.0295272
1.4540004 7.0628557
1.4560005 7.097137
1.4580006 7.1323767
1.4600005 7.1685781
1.4620006 7.2057467
1.4640004 7.2438869
1.4660005 7.2830043
1.4680006 7.3231039
1.4700005 7.3641906
1.4720006 7.4062705
1.4740004 7.4493484
1.4760005 7.4934306
1.4780006 7.5385227
1.4800005 7.58463
1.4820006 7.6317592
1.4840004 7.6799169
1.4860005 7.7291088
1.4880006 7.7793417
1.4900005 7.8306217
1.4920006 7.8829565
1.4940006 7.9363518
1.4960005 7.9908166
1.4980006 8.0463562
1.5000005 8.1029787
1.5020005 8.1606903
1.5040006 8.2195015
1.5060005 8.2794189
1.5080006 8.3404484
1.5100004 8.4026003
1.5120005 8.4658823
1.5140006 8.530303
1.5160005 8.59587
1.5180006 8.6625938
1.5200004 8.7304811
1.5220005 8.7995415
1.5240006 8.8697863
1.5260005 8.9412222
1.5280006 9.0138597
1.5300004 9.0877075
1.5320005 9.1627779
1.5340006 9.2390785
1.5360005 9.3166208
1.5380006 9.3954144
1.5400004 9.4754696
1.5420005 9.556797
1.5440006 9.6394081
1.5460005 9.7233152
1.5480006 9.808526
1.5520005 9.9802666
1.5560004 10.152018
1.5600006 10.323777
1.5640006 10.495545
1.5680005 10.667321
1.5720005 10.839105
1.5760004 11.010896
1.5800006 11.182693
1.5840006 11.354499
1.5880005 11.52631
1.5920005 11.698127
1.5960006 11.86995
1.6000006 12.04178
1.6040005 12.213613
1.6080005 12.385452
1.6120004 12.557296
1.6160006 12.729145
1.6200006 12.900998
1.6240005 13.072856
1.6280005 13.244719
1.6320004 13.416584
1.6360006 13.588453
1.6400006 13.760327
1.6420004 13.844899
1.6440005 13.926726
1.6460006 14.005796
1.6480005 14.08209
1.6500005 14.155593
1.6520006 14.226292
1.6540005 14.29417
1.6560006 14.359218
1.6580004 14.42142
1.6600005 14.480765
1.6620006 14.537239
1.6640005 14.590835
1.6660006 14.641538
1.6680004 14.68934
1.6700005 14.73423
1.6720006 14.776202
1.6740005 14.815245
1.6760006 14.851353
1.6780004 14.884518
1.6800005 14.914733
1.6820006 14.941993
1.6840005 14.966292
1.6860006 14.987625
1.6880004 15.005989
1.6900005 15.021379
1.6920006 15.033792
1.6940005 15.043226
1.6960006 15.049679
1.6980006 15.05315
1.7000005 15.053638
1.7020006 15.051144
1.7040004 15.045665
1.7060005 15.037206
1.7080006 15.025767
1.7100005 15.011352
1.7120006 14.99396
1.7140004 14.973598
1.7160005 14.950269
1.7180006 14.923978
1.7200005 14.894729
1.7220006 14.862528
1.7240004 14.827383
1.7260005 14.789299
1.7280006 14.748284
1.7300005 14.704348
1.7320006 14.657497
1.7340004 14.607742
1.7360005 14.555093
1.7380006 14.499559
1.7400005 14.441153
1.7420006 14.379884
1.7440006 14.315766
1.7460005 14.248812
1.7480006 14.179034
1.7500005 14.106447
1.7520005 14.031064
1.7540006 13.952902
1.7560005 13.871974
1.7580006 13.788299
1.7600004 13.701891
1.7620005 13.612767
1.7640006 13.520947
1.7660005 13.426449
1.7680006 13.329289
1.7700004 13.229489
1.7720005 13.127069
1.7740006 13.022046
1.7760005 12.914444
1.7780006 12.804284
1.7800004 12.691586
1.7840006 12.463672
1.7880006 12.235763
1.7920005 12.007857
1.7960005 11.77996
1.8000006 11.552066
1.8040006 11.324179
1.8080005 11.096298
1.8120005 10.868423
1.8160004 10.640557
1.8200006 10.412698
1.8240006 10.184848
1.8280005 9.9570055
1.8320005 9.7291727
1.8360004 9.5013514
1.8400006 9.2735405
1.8440006 9.0457401
1.8480005 8.8179541
1.8520005 8.5901804
1.8560006 8.362422
1.8600006 8.1346798
1.8640005 7.9069548
1.8680005 7.6792483
1.8720004 7.4515629
1.8740005 7.3386049
1.8760006 7.2273889
1.8780005 7.1178885
1.8800006 7.0100775
1.8820004 6.9039316
1.8840005 6.7994251
1.8860006 6.6965342
1.8880005 6.5952353
1.8900006 6.4955044
1.8920004 6.3973174
1.8940005 6.300653
1.8960006 6.2054882
1.8980005 6.1118002
1.9000005 6.019568
1.9020006 5.9287705
1.9040005 5.8393865
1.9060006 5.7513947
1.9080004 5.6647758
1.9100005 5.5795097
1.9120006 5.4955764
1.9140005 5.4129567
1.9160006 5.3316321
1.9180004 5.2515841
1.9200005 5.1727939
1.9220006 5.0952444
1.9240005 5.0189171
1.9260006 4.9437957
1.9280004 4.8698626
1.9300005 4.7971015
1.9320006 4.7254963
1.9340005 4.6550307
1.9360006 4.5856895
1.9380004 4.5174565
1.9400005 4.4503174
1.9420006 4.3842578
1.9440005 4.3192625
1.9460006 4.2553177
1.9480006 4.19241
1.9500005 4.1305251
1.9520006 4.0696507
1.9540004 4.0097733
1.9560005 3.9508798
1.9580006 3.8929596
1.9600005 3.8359993
1.9620006 3.7799876
1.9640004 3.7249134
1.9660005 3.6707652
1.9680006 3.6175323
1.9700005 3.5652046
1.9720006 3.5137715
1.9740004 3.4632235
1.9760005 3.4135509
1.9780006 3.3647442
1.9800005 3.3167946
1.9820006 3.2696936
1.9840004 3.2234328
1.9860005 3.1780043
1.9880006 3.1334
1.9900005 3.0896127
1.9920006 3.0466356
1.9940006 3.0044615
1.9960005 2.9630845
1.9980006 2.922498
2.0000005 2.8826962
2.0020005 2.8436739
2.0040006 2.8054259
2.0060005 2.767947
2.0080006 2.7312334
2.0100004 2.6952801
2.0120005 2.6600838
2.0140006 2.6253278
2.0160005 2.5907009
2.0180006 2.5562084
2.0200004 2.5218558
2.0220005 2.487649
2.0240006 2.4535942
2.0260005 2.4196978
2.0280006 2.3859663
2.0300004 2.352407
2.0320005 2.3190272
2.0340006 2.2858348
2.0360005 2.2528384
2.0380006 2.2200463
2.0400004 2.1874681
2.0420005 2.155113
2.0440006 2.1229918
2.0460005 2.0911148
2.0480006 2.0594935
2.0500006 2.0281401
2.0520005 1.9970666
2.0540006 1.9662869
2.0560004 1.9358146
2.0580005 1.9056648
2.0600006 1.8758528
2.0620005 1.846395
2.0640006 1.8173087
2.0660004 1.788612
2.0680005 1.7603238
2.0700006 1.7324643
2.0720005 1.7050545
2.0740006 1.6781164
2.0760004 1.651673
2.0780005 1.6257486
2.0800006 1.6003681
2.0820005 1.5755583
2.0840006 1.5513463
2.0860004 1.5277603
2.0880005 1.5048301
2.0900006 1.482586
2.0920005 1.4610592
2.0940006 1.4402821
2.0960006 1.4202875
2.0980005 1.4011089
2.1000006 1.3827802
2.1020005 1.3653356
2.1040005 1.3488095
2.1060006 1.333236
2.1080005 1.3186489
2.1100006 1.3050812
2.1120004 1.2925652
2.1130006 1.2867112
2.1150005 1.2758299
2.1170006 1.2660739
2.1190006 1.2574697
2.1210005 1.250041
2.1230006 1.2438087
2.1250005 1.2387911
2.1270005 1.235003
2.1290006 1.2324555
2.1310005 1.2311565
2.1330006 1.2311099
2.1350004 1.2323158
2.1370005 1.2347705
2.1390006 1.2384669
2.1410005 1.2433934
2.1430006 1.2495357
2.1450004 1.2568761
2.1470005 1.2653937
2.1490006 1.2750648
2.1510005 1.2858634
2.1530006 1.2977613
2.1550004 1.3107288
2.1570005 1.3247343
2.1590006 1.3397453
2.1610005 1.3557283
2.1630006 1.3726494
2.1650004 1.3904746
2.1670005 1.4091691
2.1690006 1.4286991
2.1710005 1.449031
2.1730006 1.470131
2.1750006 1.491967
2.1770005 1.5145068
2.1790006 1.5377198
2.1810004 1.5615757
2.1830005 1.5860457
2.1850006 1.6111015
2.1870005 1.6367166
2.1890006 1.6628649
2.1910004 1.6895218
2.1930005 1.7166635
2.1950006 1.7442673
2.1970005 1.7723117
2.1990006 1.8007761
2.2010004 1.829641
2.2030005 1.8588876
2.2050006 1.8884981
2.2070005 1.9184558
2.2090006 1.9487448
2.2110004 1.9793496
2.2130005 2.0102561
2.2150006 2.0414503
2.2170005 2.0729191
2.2190006 2.1046507
2.2210006 2.1366329
2.2230005 2.168855
2.2250006 2.2013061
2.2270005 2.2339768
2.2290005 2.2668569
2.2310006 2.2999377
2.2330005 2.3332107
2.2350006 2.3666677
2.2370004 2.4003015
2.2390005 2.434104
2.2410006 2.4680686
2.2430005 2.5021887
2.2450006 2.5364583
2.2470004 2.5708711
2.2490005 2.6054215
2.2510006 2.6401038
2.2530005 2.6749134
2.2550006 2.7098453
2.2570004 2.7448947
2.2590005 2.780057
2.2610006 2.8153281
2.2630005 2.850704
2.2650006 2.8861809
2.2670004 2.9217551
2.2690005 2.9574227
2.2710006 2.993181
2.2730005 3.0290263
2.2750005 3.0649557
2.2770006 3.1009665
2.2790005 3.1370559
2.2810006 3.1732206
2.2830004 3.2094586
2.2850005 3.2457674
2.2870006 3.2821445
2.2890005 3.3185878
2.2910006 3.3550951
2.2930004 3.3916643
2.2950005 3.4282935
2.2970006 3.4649804
2.2990005 3.5017238
2.3010006 3.5385215
2.3030004 3.5753717
2.3050005 3.6122737
2.3070006 3.6492248
2.3090005 3.6862242
2.3110006 3.7232702
2.3130004 3.7603617
2.3150005 3.7974968
2.3170006 3.8346748
2.3190005 3.8718944
2.3210006 3.9091544
2.3230006 3.9464529
2.3250005 3.9837902
2.3270006 4.0211635
2.3290004 4.0585737
2.3310005 4.0960188
2.3330006 4.1334972
2.3350005 4.1710091
2.3370006 4.2085538
2.3390004 4.2461286
2.3410005 4.2837353
2.3430006 4.3213706
2.3450005 4.359036
2.3470006 4.3967285
2.3490004 4.4344492
2.3510005 4.4721966
2.3530006 4.5099697
2.3550005 4.5477686
2.3570006 4.5855927
2.3590004 4.6234407
2.3610005 4.6613121
2.3630006 4.6992068
2.3650005 4.7371244
2.3670006 4.7750635
2.3690006 4.8130245
2.3710005 4.851006
2.3730006 4.8890085
2.3750005 4.9270306
2.3770005 4.9650726
2.3790006 5.0031333
2.3810005 5.0412126
2.3830006 5.0793109
2.3850004 5.1174264
2.3870005 5.1555591
2.3890006 5.1937094
2.3910005 5.2318764
2.3930006 5.2700591
2.3950004 5.3082585
2.3970005 5.3464732
2.3990006 5.3847032
2.4010005 5.4229484
2.4030006 5.4612079
2.4050004 5.4994822
2.4070005 5.5377703
2.4090006 5.5760717
2.4110005 5.6143875
2.4130006 5.6527157
2.4150004 5.6910577
2.4170005 5.7294116
2.4190006 5.7677779
2.4210005 5.8061571
2.4230006 5.8445477
2.4250006 5.8829498
2.4270005 5.9213638
2.4290006 5.9597893
2.4310004 5.9982252
2.4330005 6.0366721
2.4350006 6.0751305
2.4370005 6.1135983
2.4390006 6.1520767
2.4410004 6.1905651
2.4430005 6.2290635
2.4450006 6.2675714
2.4470005 6.3060884
2.4490006 6.3446155
2.4510004 6.3831511
2.4530005 6.4216957
2.4550006 6.4602499
2.4570005 6.4988122
2.4590006 6.5373831
2.4610004 6.5759621
2.4630005 6.6145496
2.4650006 6.6531453
2.4670005 6.6917486
2.4690006 6.73036
2.4710006 6.7689791
2.4730005 6.8076057
2.4750006 6.8462391
2.4770005 6.884881
2.4790005 6.9235287
2.4810006 6.9621844
2.4830005 7.0008469
2.4850006 7.039516
2.4870004 7.0781918
2.4890005 7.1168742
2.4910006 7.1555634
2.4930005 7.1942582
2.4950006 7.2329597
2.4970004 7.271668
2.4990005 7.3103814
2.5010006 7.3491015
2.5030005 7.3878269
2.5050006 7.4265585
2.5070004 7.4652958
2.5090005 7.5040383
2.5110006 7.5427871
2.5130005 7.5815411
2.5150006 7.6203003
2.5170004 7.6590648
2.5190005 7.697834
2.5210006 7.736609
2.5230005 7.7753887
2.5250005 7.8141737
2.5270006 7.852963
2.5290005 7.8917575
2.5310006 7.9305573
2.5330004 7.9693608
2.5350005 8.0081701
2.5370006 8.0469828
2.5390005 8.0858002
2.5410006 8.1246223
2.5430004 8.1634493
2.5450005 8.20228
2.5470006 8.2411156
2.5490005 8.279954
2.5510006 8.3187971
2.5530004 8.3576441
2.5550005 8.3964958
2.5570006 8.4353504
2.5590005 8.4742107
2.5610006 8.513073
2.5630004 8.55194
2.5650005 8.5908108
2.5670006 8.6296844
2.5690005 8.6685619
2.5710006 8.7074442
2.5730006 8.7463284
2.5750005 8.7852173
2.5770006 8.8241091
2.5790004 8.8630047
2.5810005 8.9019032
2.5830006 8.9408054
2.5850005 8.9797106
2.5870006 9.0186195
2.5890004 9.0575314
2.5910005 9.0964451
2.5930006 9.1353636
2.5950005 9.1742849
2.5970006 9.2132082
2.5990004 9.2521353
2.6010005 9.2910662
2.6030006 9.329999
2.6050005 9.3689346
2.6070006 9.4078732
2.6090004 9.4468145
2.6110005 9.4857588
2.6130006 9.5247059
2.6150005 9.5636549
2.6170006 9.6026068
2.6190006 9.6415625
2.6210005 9.6805201
2.6230006 9.7194796
2.6250005 9.7584429
2.6270005 9.7974081
2.6290006 9.8363762
2.6310005 9.8753462
2.6330006 9.9143181
2.6350004 9.9532928
2.6370005 9.9922705
2.6390006 10.03125
2.6410005 10.070232
2.6430006 10.109217
2.6450004 10.148203
2.6470005 10.187192
2.6490006 10.226183
2.6510005 10.265176
2.6530006 10.304172
2.6550004 10.343169
2.6570005 10.382168
2.6590006 10.42117
2.6610005 10.460174
2.6630006 10.49918
2.6650004 10.538188
2.6670005 10.577197
2.6690006 10.616209
2.6710005 10.655223
2.6730006 10.694239
2.6750006 10.733256
2.6770005 10.772276
2.6790006 10.811297
2.6810004 10.85032
2.6830005 10.889345
2.6850006 10.928372
2.6870005 10.967401
2.6890006 11.006431
2.6910004 11.045464
2.6930005 11.084497
2.6950006 11.123532
2.6970005 11.16257
2.6990006 11.201609
2.7010004 11.240649
2.7030005 11.279692
2.7050006 11.318736
2.7070005 11.357781
2.7090006 11.396828
2.7110004 11.435877
2.7130005 11.474927
2.7150006 11.513979
2.7170005 11.553032
2.7190006 11.592088
2.7210006 11.631144
2.7230005 11.670201
2.7250006 11.709261
2.7270005 11.748322
2.7290005 11.787384
2.7310006 11.826447
2.7330005 11.865513
2.7350006 11.904578
2.7370004 11.943646
2.7390005 11.982716
2.7410006 12.021787
2.7430005 12.060859
2.7450006 12.099932
2.7470004 12.139007
2.7490005 12.178082
2.7510006 12.217159
2.7530005 12.256238
2.7550006 12.295317
2.7570004 12.334398
2.7590005 12.373481
2.7610006 12.412564
2.7630005 12.451649
2.7650006 12.490734
2.7670004 12.529822
2.7690005 12.56891
2.7710006 12.607999
2.7730005 12.647091
2.7750003 12.686182
2.7770006 12.725275
2.7790005 12.764369
2.7810004 12.803464
2.7830007 12.84256
2.7850005 12.881658
2.7870004 12.920756
2.7890007 12.959856
2.7910006 12.998957
2.7930004 13.038058
2.7950008 13.077161
2.7970006 13.116264
2.7990005 13.155369
2.8010003 13.194475
2.8030007 13.233582
2.8050005 13.272691
2.8070004 13.311799
2.8090007 13.350908
2.8110006 13.390019
2.8130004 13.429132
2.8150007 13.468245
2.8170006 13.507359
2.8190005 13.546474
2.8210003 13.585588
2.8230006 13.624705
2.8250005 13.663823
2.8270004 13.702941
2.8290007 13.742061
2.8310005 13.78118
2.8330004 13.820302
2.8350007 13.859424
2.8370006 13.898547
2.8390004 13.937671
2.8410003 13.976795
2.8430006 14.015921
2.8450005 14.055047
2.8470003 14.094173
2.8490007 14.133303
2.8510005 14.172431
2.8530004 14.21156
2.8550007 14.250691
2.8570006 14.289823
2.8590004 14.328955
2.8610008 14.368088
2.8630006 14.407221
2.8650005 14.446356
2.8670003 14.485492
2.8690006 14.524627
2.8710005 14.563764
2.8730004 14.602901
2.8750007 14.642039
2.8770005 14.681178
2.8790004 14.720318
2.8810007 14.759459
2.8830006 14.7986
2.8850004 14.837742
2.8870003 14.876884
2.8890006 14.916028
2.8910005 14.955173
2.8930003 14.994317
2.8950007 15.033463
2.8970005 15.072608
2.8990004 15.111755
2.9010007 15.150903
2.9030006 15.190051
2.9050004 15.2292
2.9070008 15.268349
2.9090006 15.307499
2.9110005 15.34665
2.9130003 15.385802
2.9150007 15.424953
2.9170005 15.464107
2.9190004 15.503261
2.9210007 15.542414
2.9221008 15.563949
2.9241006 15.682301
2.9261005 15.798547
2.9281003 15.910342
2.9301007 16.022236
2.9321005 16.131903
2.9341004 16.237
2.9361007 16.342075
2.9381006 16.444807
2.9401004 16.54516
2.9421007 16.638517
2.9441006 16.733971
2.9461004 16.826939
2.9481003 16.917387
2.9501006 17.005283
2.9521005 17.085983
2.9541003 17.166252
2.9561007 17.241421
2.9581005 17.318748
2.9601004 17.393375
2.9621007 17.462976
2.9641006 17.52969
2.9661004 17.593531
2.9681008 17.657078
2.9701006 17.717798
2.9721005 17.775675
2.9741003 17.830685
2.9761007 17.882807
2.9781005 17.932022
2.9801004 17.978312
2.9821007 18.02166
2.9841006 18.06205
2.9861004 18.099466
2.9881007 18.133894
2.9901006 18.165321
2.9921005 18.193739
2.9941003 18.219131
2.9961006 18.241491
2.9981005 18.260809
3.0001004 18.277077
3.0021007 18.290287
3.0041005 18.300436
3.0061004 18.30752
3.0081007 18.311533
3.0101006 18.312471
3.0121004 18.310339
3.0141008 18.305128
3.0161006 18.296846
3.0181005 18.285494
3.0201003 18.271074
3.0221007 18.253588
3.0241005 18.23304
3.0261004 18.20944
3.0281007 18.182795
3.0301006 18.153112
3.0321004 18.120401
3.0341007 18.084669
3.0361006 18.045933
3.0381005 18.0042
3.0401003 17.959486
3.0421006 17.911806
3.0441005 17.861176
3.0461004 17.80761
3.0481007 17.751129
3.0501005 17.691748
3.0521004 17.62949
3.0541007 17.564371
3.0561006 17.496418
3.0581004 17.425652
3.0601008 17.352091
3.0621006 17.275768
3.0641005 17.196701
3.0661003 17.114922
3.0681007 17.030455
3.0701005 16.943333
3.0721004 16.853577
3.0741007 16.761223
3.0761006 16.6663
3.0781004 16.568842
3.0801008 16.46888
3.0821006 16.366446
3.0841005 16.261578
3.0861003 16.154308
3.0881006 16.044674
3.0901005 15.932714
3.0921004 15.818461
3.0941007 15.701959
3.0961005 15.583245
3.0981004 15.462358
3.1001007 15.33934
3.1021006 15.214231
3.1041004 15.087075
3.1061003 14.957915
3.1081006 14.826793
3.1101005 14.693754
3.1121003 14.558843
3.1141007 14.422104
3.1161005 14.283586
3.1181004 14.143332
3.1201007 14.001394
3.1221006 13.857818
3.1241004 13.712649
3.1261008 13.565941
3.1281006 13.41774
3.1301005 13.268097
3.1321003 13.117064
3.1341007 12.964689
3.1361005 12.811026
3.1381004 12.656124
3.1401007 12.500038
3.1421005 12.34282
3.1441004 12.184521
3.1461007 12.025196
3.1481006 11.864899
3.1501004 11.703681
3.1521003 11.541599
3.1541006 11.378707
3.1561005 11.215059
3.1581003 11.050711
3.1601007 10.885715
3.1621005 10.720131
3.1641004 10.55401
3.1661007 10.387411
3.1681006 10.220388
3.1701004 10.052997
3.1721008 9.885293
3.1741006 9.7173338
3.1761005 9.5491743
3.1781003 9.3808718
3.1795003 9.2630033
3.1845004 8.9812059
3.1895005 8.6994629
3.1945007 8.417779
3.1995003 8.1361599
3.2045004 7.8546133
3.2095005 7.5731487
3.2145006 7.2917733
3.2195008 7.0104995
3.2245004 6.7293386
3.2295005 6.4483061
3.2345006 6.1674199
3.2395007 5.8867006
3.2445004 5.606173
3.2495005 5.3258677
3.2545006 5.0458217
3.2595007 4.7660804
3.2645004 4.486702
3.2695005 4.207757
3.2745006 3.9293389
3.2795007 3.6515677
3.2845003 3.3746035
3.2895005 3.0986626
3.2945006 2.8240449
3.2995007 2.551178
3.3045003 2.28069
3.3095004 2.0135398
3.3145005 1.7512561
3.3195007 1.4963994
3.3245003 1.2535083
3.3295004 1.0310743
3.3345005 0.8454017
3.3395006 0.72529477
3.3433606 0.69977653
