Position  
0 6.79853196022
5.99999999906e-07 6.7985334
5.99999999906e-07 6.7985334
5.99999999906e-07 6.7985334
0.0050006 6.7769241
0.0100006 6.7553725
0.0150006 6.7338786
0.0200006 6.7124434
0.0250005 6.6910667
0.0300005 6.6697497
0.0350005 6.6484933
0.0400005 6.6272974
0.0450005 6.6061625
0.0500005 6.5850902
0.0550005 6.5640798
0.0600005 6.5431328
0.0650005 6.5222492
0.0700005 6.5014305
0.0750005 6.4806767
0.0800005 6.4599881
0.0850005 6.4393659
0.0900005 6.4188108
0.0950005 6.3983226
0.1000005 6.377903
0.1050006 6.3575521
0.1100006 6.3372707
0.1150006 6.3170595
0.1200006 6.2969189
0.1250006 6.2768497
0.1300006 6.2568531
0.1350006 6.2369289
0.1400006 6.2170787
0.1450006 6.1973028
0.1500005 6.1776013
0.1550005 6.1579762
0.1600005 6.1384273
0.1650005 6.1189556
0.1700005 6.0995617
0.1750005 6.0802464
0.1800005 6.0610108
0.1850005 6.0418549
0.1900005 6.0227809
0.1950005 6.0037875
0.2000005 5.9848771
0.2050005 5.9660501
0.2080005 5.9547939
0.2090006 5.9510489
0.2100005 5.9473071
0.2110005 5.9435682
0.2120006 5.9398332
0.2130005 5.9361019
0.2140006 5.9323735
0.2150005 5.9286485
0.2160005 5.9249277
0.2170006 5.9212093
0.2180005 5.9174948
0.2190006 5.913784
0.2200005 5.9100761
0.2210005 5.9063721
0.2220006 5.9026713
0.2230005 5.8989739
0.2240005 5.8952804
0.2250005 5.8915901
0.2260005 5.8879032
0.2270006 5.8842201
0.2280005 5.8805404
0.2290005 5.876864
0.2300006 5.8731914
0.2310005 5.8695221
0.2320006 5.8658566
0.2330005 5.8621941
0.2340005 5.8585353
0.2350006 5.8548803
0.2360005 5.8512292
0.2370006 5.8475814
0.2380005 5.8439369
0.2390005 5.8402958
0.2400006 5.8366585
0.2410005 5.833025
0.2420006 5.8293953
0.2430005 5.8257685
0.2440005 5.8221459
0.2450006 5.8185267
0.2460005 5.8149114
0.2470006 5.8112993
0.2480005 5.8076906
0.2490005 5.8040867
0.2500006 5.8004851
0.2510005 5.7968879
0.2520005 5.7932944
0.2530005 5.7897048
0.2540005 5.786118
0.2550006 5.7825351
0.2560005 5.7789569
0.2570005 5.7753816
0.2580006 5.7718096
0.2590005 5.7682419
0.2600006 5.7646775
0.2610005 5.7611175
0.2620005 5.7575607
0.2630006 5.7540078
0.2640005 5.7504587
0.2650006 5.7469134
0.2660005 5.743372
0.2670005 5.7398343
0.2680006 5.7363
0.2690005 5.7327695
0.2700006 5.7292433
0.2710005 5.7257204
0.2720005 5.7222013
0.2730006 5.7186866
0.2740005 5.7151752
0.2750005 5.7116675
0.2760005 5.7081642
0.2770005 5.7046642
0.2780006 5.7011685
0.2790005 5.6976767
0.2800005 5.6941881
0.2810006 5.6907039
0.2820005 5.6872234
0.2830006 5.6837468
0.2840005 5.6802735
0.2850005 5.676805
0.2860006 5.6733398
0.2870005 5.6698794
0.2880006 5.6664224
0.2890005 5.6629686
0.2900005 5.6595197
0.2910006 5.656074
0.2920005 5.6526332
0.2930006 5.6491957
0.2940005 5.645762
0.2950005 5.642333
0.2960006 5.6389074
0.2970005 5.6354861
0.2980006 5.6320686
0.2990005 5.628655
0.3000005 5.6252451
0.3010006 5.62184
0.3020005 5.6184382
0.3030005 5.6150413
0.3040005 5.6116476
0.3050005 5.6082582
0.3060006 5.6048732
0.3070005 5.6014915
0.3080005 5.5981145
0.3090006 5.5947409
0.3100005 5.591372
0.3110006 5.588007
0.3120005 5.5846462
0.3130005 5.5812893
0.3140006 5.5779366
0.3150005 5.5745883
0.3160006 5.5712438
0.3170005 5.567903
0.3180005 5.5645671
0.3190006 5.5612354
0.3200005 5.5579071
0.3210006 5.5545835
0.3220005 5.5512643
0.3230005 5.5479488
0.3240006 5.5446372
0.3250005 5.5413303
0.3260005 5.5380278
0.3270005 5.534729
0.3280005 5.5314345
0.3290006 5.5281444
0.3300005 5.5248585
0.3310005 5.5215769
0.3320006 5.5182991
0.3330005 5.5150261
0.3340006 5.5117569
0.3350005 5.5084925
0.3360005 5.5052319
0.3370006 5.5019755
0.3380005 5.4987235
0.3390006 5.4954762
0.3400005 5.4922328
0.3410005 5.4889941
0.3420006 5.4857593
0.3430005 5.4825287
0.3440006 5.4793029
0.3450005 5.4760814
0.3460005 5.4728642
0.3470006 5.4696507
0.3480005 5.4664426
0.3490005 5.4632382
0.3500005 5.4600382
0.3510005 5.4568429
0.3520006 5.4536519
0.3530005 5.4504652
0.3540005 5.4472828
0.3550006 5.4441051
0.3560005 5.4409318
0.3570006 5.4377627
0.3580005 5.4345984
0.3600006 5.4282827
0.3620006 5.4219851
0.3640005 5.4157052
0.3660005 5.4094429
0.3680005 5.4031987
0.3700006 5.3969731
0.3720006 5.3907657
0.3740005 5.3845758
0.3760005 5.3784051
0.3780005 5.3722525
0.3800006 5.366118
0.3820005 5.360002
0.3840005 5.3539047
0.3860005 5.347826
0.3880006 5.3417664
0.3900006 5.3357248
0.3920005 5.3297024
0.3940005 5.3236985
0.3960005 5.3177142
0.3980006 5.3117485
0.4000005 5.3058019
0.4020005 5.2998748
0.4040005 5.2939663
0.4060006 5.2880769
0.4080006 5.2822075
0.4100005 5.2763567
0.4120005 5.2705259
0.4140005 5.2647142
0.4160006 5.2589231
0.4180006 5.2531505
0.4200005 5.2473979
0.4220005 5.2416649
0.4240005 5.2359524
0.4260006 5.2302589
0.4280005 5.2245865
0.4300005 5.2189331
0.4320005 5.2133002
0.4340006 5.2076874
0.4360006 5.202095
0.4380005 5.1965227
0.4400005 5.1909709
0.4420005 5.1854391
0.4440006 5.1799288
0.4460006 5.174438
0.4480005 5.1689677
0.4500005 5.1635189
0.4520005 5.1580906
0.4540006 5.1526828
0.4560005 5.147296
0.4580005 5.1419306
0.4600005 5.1365857
0.4620006 5.1312618
0.4640006 5.1259594
0.4660005 5.1206779
0.4680005 5.115418
0.4700005 5.1101789
0.4720006 5.1049619
0.4740005 5.0997658
0.4760005 5.0945916
0.4780005 5.0894389
0.4800006 5.0843077
0.4820006 5.0791988
0.4840005 5.074111
0.4860005 5.0690455
0.4880005 5.0640016
0.4900006 5.0589795
0.4920006 5.0539804
0.4940005 5.0490022
0.4960005 5.0440474
0.4980005 5.039114
0.4980005 5.039114
0.4990005 5.0366559
0.5000006 5.0342031
0.5010005 5.0317559
0.5020005 5.0293145
0.5030005 5.0268788
0.5040005 5.0244489
0.5050006 5.0220242
0.5060005 5.0196052
0.5070005 5.0171919
0.5080006 5.0147848
0.5090005 5.012383
0.5100006 5.0099864
0.5110005 5.0075955
0.5120005 5.0052109
0.5130006 5.0028315
0.5140005 5.0004582
0.5150006 4.9980903
0.5200006 4.9863367
0.5250005 4.9747281
0.5300005 4.963264
0.5350005 4.9519458
0.5400005 4.9407749
0.5450005 4.9297514
0.5500005 4.9188776
0.5550005 4.9081535
0.5600005 4.8975801
0.5650005 4.8871589
0.5700005 4.8768907
0.5750005 4.8667765
0.5800005 4.8568168
0.5850005 4.8470135
0.5900005 4.8373661
0.5950005 4.827877
0.6000005 4.8185468
0.6050006 4.8093753
0.6100006 4.800365
0.6150006 4.7915154
0.6200006 4.7828283
0.6250006 4.7743049
0.6300006 4.765945
0.6350006 4.7577505
0.6400006 4.7497211
0.6450006 4.7418585
0.6500005 4.7341638
0.6550005 4.7266369
0.6600005 4.7192788
0.6650005 4.712091
0.6700005 4.7050734
0.6750005 4.6982269
0.6800005 4.6915531
0.6850005 4.6850529
0.6900005 4.6787252
0.6950005 4.6725721
0.7000005 4.666594
0.7050005 4.6607914
0.7100005 4.6551652
0.7150005 4.6497159
0.7200005 4.644444
0.7250005 4.6393509
0.7300006 4.6344357
0.7350006 4.6297007
0.7400006 4.625145
0.7450006 4.62077
0.7500006 4.6165757
0.7550006 4.6125627
0.7600006 4.6087322
0.7650006 4.6050839
0.7700006 4.6016178
0.7750005 4.5983353
0.7800004 4.5952363
0.7850005 4.5923214
0.7900004 4.5895905
0.7950005 4.5870442
0.8000006 4.5846834
0.8050005 4.5825081
0.8100006 4.5805173
0.8150005 4.5787129
0.8200006 4.5770941
0.8250005 4.5756617
0.8300006 4.5744157
0.8350005 4.5733557
0.8400006 4.5724826
0.8450005 4.5717969
0.8500006 4.5712972
0.8550005 4.5709844
0.8600006 4.5708585
0.8650005 4.57092
0.8700006 4.5711684
0.8750005 4.5716033
0.8800006 4.5722246
0.8850004 4.5730333
0.8900006 4.574029
0.8950004 4.5752101
0.9000005 4.5765781
0.9050004 4.5781326
0.9100005 4.5798731
0.9150004 4.581799
0.9200005 4.5839109
0.9250006 4.5862083
0.9300005 4.5886908
0.9350006 4.5913572
0.9400005 4.5942087
0.9450006 4.5972443
0.9500005 4.6004634
0.9550006 4.6038661
0.9600005 4.607451
0.9650006 4.6112194
0.9700005 4.6151695
0.9750006 4.6193008
0.9800005 4.6236134
0.9850006 4.6281071
0.9900005 4.6327806
0.9950006 4.6376328
1.0000005 4.6426649
1.0050006 4.6478753
1.0100004 4.6532631
1.0150006 4.6588283
1.0200004 4.6645699
1.0250005 4.6704874
1.0300004 4.6765804
1.0350005 4.682848
1.0400004 4.6892886
1.0450005 4.6959028
1.0500006 4.7026896
1.0550005 4.7096481
1.0600006 4.7167773
1.0650005 4.7240763
1.0700006 4.731545
1.0750005 4.739182
1.0800006 4.7469864
1.0850005 4.7549586
1.0900006 4.7630963
1.0950005 4.7713995
1.1000006 4.7798662
1.1050005 4.788497
1.1100006 4.7972903
1.1150005 4.8062453
1.1200006 4.815361
1.1250005 4.8246365
1.1300006 4.8340712
1.1350004 4.8436637
1.1400006 4.8534136
1.1450004 4.8633194
1.1500005 4.8733802
1.1550004 4.8835955
1.1600005 4.8939643
1.1650004 4.9044847
1.1700005 4.9151568
1.1750006 4.9259791
1.1800005 4.9369507
1.1850006 4.948071
1.1900005 4.9593382
1.1950006 4.9707522
1.2000005 4.9823112
1.2050006 4.9940147
1.2100005 5.0058618
1.2150006 5.0178509
1.2200005 5.0299811
1.2200005 5.0055518
1.2210006 5.0085363
1.2220006 5.011342
1.2220006 5.0114131
1.2230005 5.0140734
1.2240004 5.0167389
1.2240004 5.0167389
1.2250006 5.0194097
1.2260005 5.0220857
1.2260005 5.0220857
1.2280006 5.0274534
1.2300005 5.0328426
1.2320006 5.0382524
1.2340004 5.0436835
1.2360005 5.0491357
1.2380006 5.0546083
1.2400005 5.0601025
1.2420006 5.0656161
1.2440006 5.0711517
1.2460005 5.0767069
1.2480006 5.0822825
1.2500005 5.0878797
1.2520005 5.0934963
1.2540006 5.099133
1.2560005 5.1047907
1.2580006 5.1104684
1.2600004 5.1161661
1.2620005 5.1218834
1.2640006 5.1276212
1.2660005 5.133379
1.2680006 5.1391563
1.2700004 5.1449533
1.2720005 5.1507702
1.2740006 5.1566067
1.2760005 5.1624627
1.2780006 5.1683383
1.2800004 5.174233
1.2820005 5.1801476
1.2840006 5.1860809
1.2860005 5.1920338
1.2880006 5.1980062
1.2900004 5.2039971
1.2920005 5.2100077
1.2940006 5.2160363
1.2960005 5.2220845
1.2980006 5.2281518
1.3000006 5.2342372
1.3020005 5.2403417
1.3040006 5.2464647
1.3060004 5.2526064
1.3080005 5.2587667
1.3100006 5.264945
1.3120005 5.271142
1.3140006 5.2773571
1.3160004 5.2835903
1.3180005 5.2898426
1.3200006 5.2961121
1.3220005 5.3023996
1.3240006 5.3087058
1.3260004 5.3150301
1.3280005 5.3213716
1.3300006 5.3277311
1.3320005 5.3341084
1.3340006 5.3405032
1.3360004 5.3469157
1.3380005 5.3533454
1.3400006 5.3597937
1.3420005 5.3662581
1.3440006 5.3727407
1.3460006 5.3792405
1.3480005 5.3857574
1.3500006 5.3922911
1.3520005 5.3988423
1.3540005 5.4054108
1.3560006 5.4119959
1.3580005 5.4185982
1.3600006 5.4252172
1.3620004 5.4318528
1.3640005 5.4385052
1.3660006 5.4451742
1.3680005 5.4518604
1.3700006 5.4585629
1.3720004 5.4652815
1.3740005 5.4720168
1.3760006 5.4787688
1.3780005 5.4855371
1.3800006 5.492321
1.3820004 5.4991217
1.3840005 5.5059381
1.3860006 5.5127707
1.3880005 5.5196195
1.3900006 5.526484
1.3920004 5.5333648
1.3940005 5.5402613
1.3960006 5.5471735
1.3980005 5.554101
1.4000005 5.5610442
1.4020006 5.5680037
1.4040005 5.5749784
1.4060006 5.5819683
1.4080004 5.588974
1.4100005 5.5956202
1.4120006 5.601532
1.4140005 5.606708
1.4160006 5.6111488
1.4180004 5.6148515
1.4200005 5.6178179
1.4220006 5.6200461
1.4240005 5.6215363
1.4260006 5.6222882
1.4280004 5.6223016
1.4300005 5.6215773
1.4320006 5.6201138
1.4340005 5.6179128
1.4360006 5.614974
1.4380004 5.6112981
1.4400005 5.606885
1.4420006 5.6017356
1.4440005 5.5958514
1.4460006 5.589232
1.4480006 5.5818791
1.4500005 5.5737939
1.4520006 5.5649767
1.4540004 5.5554295
1.4560005 5.5451531
1.4580006 5.5341496
1.4600005 5.5224204
1.4620006 5.5099669
1.4640004 5.4967909
1.4660005 5.4828949
1.4680006 5.4682798
1.4700005 5.452949
1.4720006 5.4369035
1.4740004 5.420146
1.4760005 5.402679
1.4780006 5.3845053
1.4800005 5.3656268
1.4820006 5.3460469
1.4840004 5.3257675
1.4860005 5.3047929
1.4880006 5.2831254
1.4900005 5.2607675
1.4920006 5.2377234
1.4940006 5.2139955
1.4960005 5.1895881
1.4980006 5.1645045
1.5000005 5.1387482
1.5020005 5.1123233
1.5040006 5.0852332
1.5060005 5.0574818
1.5080006 5.0290732
1.5100004 5.0000124
1.5120005 4.9703021
1.5140006 4.9399481
1.5160005 4.9089546
1.5180006 4.8773255
1.5200004 4.8450661
1.5220005 4.812181
1.5240006 4.7786746
1.5260005 4.7445531
1.5280006 4.7098203
1.5300004 4.6744823
1.5320005 4.6385436
1.5340006 4.6020107
1.5360005 4.564889
1.5380006 4.5271826
1.5400004 4.4888992
1.5420005 4.4500442
1.5440006 4.4106226
1.5460005 4.3706412
1.5480006 4.3301067
1.5520005 4.2485547
1.5560004 4.1671433
1.5600006 4.0858803
1.5640006 4.0047741
1.5680005 3.9238353
1.5720005 3.8430743
1.5760004 3.7625024
1.5800006 3.6821322
1.5840006 3.6019769
1.5880005 3.5220516
1.5920005 3.4423718
1.5960006 3.3629553
1.6000006 3.2838211
1.6040005 3.2049901
1.6080005 3.1264853
1.6120004 3.0483317
1.6160006 2.9705575
1.6200006 2.8931928
1.6240005 2.8162715
1.6280005 2.7398312
1.6320004 2.6639128
1.6360006 2.5885625
1.6400006 2.5138314
1.6420004 2.4769638
1.6440005 2.4407632
1.6460006 2.4052312
1.6480005 2.370369
1.6500005 2.3361778
1.6520006 2.3026602
1.6540005 2.2698188
1.6560006 2.2376566
1.6580004 2.2061777
1.6600005 2.1753857
1.6620006 2.1452856
1.6640005 2.1158826
1.6660006 2.0871823
1.6680004 2.0591908
1.6700005 2.0319147
1.6720006 2.0053613
1.6740005 1.9795377
1.6760006 1.9544529
1.6780004 1.9301145
1.6800005 1.9065318
1.6820006 1.8837144
1.6840005 1.8616717
1.6860006 1.8404138
1.6880004 1.8199511
1.6900005 1.8002943
1.6920006 1.7814541
1.6940005 1.7634414
1.6960006 1.7462677
1.6980006 1.7299438
1.7000005 1.714481
1.7020006 1.6998905
1.7040004 1.6861831
1.7060005 1.6733693
1.7080006 1.6614599
1.7100005 1.6504648
1.7120006 1.6403933
1.7140004 1.6312548
1.7160005 1.6230576
1.7180006 1.6158097
1.7200005 1.6095178
1.7220006 1.6041883
1.7240004 1.5998267
1.7260005 1.5964373
1.7280006 1.5940236
1.7300005 1.5925882
1.7320006 1.5921324
1.7340004 1.5926571
1.7360005 1.5941614
1.7380006 1.5966438
1.7400005 1.6001017
1.7420006 1.6045316
1.7440006 1.6099288
1.7460005 1.6162882
1.7480006 1.6236032
1.7500005 1.6318669
1.7520005 1.6410713
1.7540006 1.6512079
1.7560005 1.6622677
1.7580006 1.6742412
1.7600004 1.6871179
1.7620005 1.7008879
1.7640006 1.7155402
1.7660005 1.731064
1.7680006 1.7474478
1.7700004 1.7646811
1.7720005 1.7827523
1.7740006 1.8016502
1.7760005 1.8213642
1.7780006 1.8418831
1.7800004 1.8631965
1.7840006 1.9074214
1.7880006 1.9531932
1.7920005 2.0004058
1.7960005 2.0489595
1.8000006 2.0987616
1.8040006 2.1497247
1.8080005 2.2017686
1.8120005 2.2548184
1.8160004 2.3088048
1.8200006 2.3636637
1.8240006 2.4193354
1.8280005 2.4757652
1.8320005 2.5329027
1.8360004 2.5907011
1.8400006 2.6491165
1.8440006 2.7081099
1.8480005 2.7676435
1.8520005 2.8276834
1.8560006 2.8881984
1.8600006 2.9491591
1.8640005 3.0105381
1.8680005 3.0723107
1.8720004 3.1344538
1.8740005 3.1652851
1.8760006 3.1954527
1.8780005 3.2249467
1.8800006 3.2537582
1.8820004 3.281878
1.8840005 3.3092976
1.8860006 3.3360085
1.8880005 3.3620031
1.8900006 3.3872728
1.8920004 3.4118106
1.8940005 3.4356091
1.8960006 3.4586616
1.8980005 3.4809604
1.9000005 3.5025001
1.9020006 3.5232737
1.9040005 3.5432751
1.9060006 3.5624993
1.9080004 3.5809402
1.9100005 3.5985928
1.9120006 3.6154516
1.9140005 3.6315124
1.9160006 3.6467702
1.9180004 3.6612208
1.9200005 3.6748605
1.9220006 3.687685
1.9240005 3.6996913
1.9260006 3.7108753
1.9280004 3.7212341
1.9300005 3.7307651
1.9320006 3.7394652
1.9340005 3.7473326
1.9360006 3.7543645
1.9380004 3.7605596
1.9400005 3.7659154
1.9420006 3.7704308
1.9440005 3.7741048
1.9460006 3.7769361
1.9480006 3.778924
1.9500005 3.7800679
1.9520006 3.7803674
1.9540004 3.7798228
1.9560005 3.7784336
1.9580006 3.7762008
1.9600005 3.7731247
1.9620006 3.7692063
1.9640004 3.7644465
1.9660005 3.758847
1.9680006 3.7524087
1.9700005 3.7451339
1.9720006 3.7370248
1.9740004 3.7280829
1.9760005 3.7183113
1.9780006 3.7077124
1.9800005 3.6962893
1.9820006 3.6840453
1.9840004 3.6709838
1.9860005 3.6571081
1.9880006 3.6424227
1.9900005 3.626931
1.9920006 3.6106379
1.9940006 3.5935483
1.9960005 3.5756664
1.9980006 3.5569973
2.0000005 3.5375469
2.0020005 3.5173206
2.0040006 3.4963241
2.0060005 3.4745631
2.0080006 3.4520447
2.0100004 3.4287751
2.0120005 3.4047613
2.0140006 3.3804119
2.0160005 3.3561318
2.0180006 3.3319228
2.0200004 3.307786
2.0220005 3.2837238
2.0240006 3.259737
2.0260005 3.2358279
2.0280006 3.211998
2.0300004 3.1882489
2.0320005 3.1645827
2.0340006 3.141001
2.0360005 3.1175063
2.0380006 3.0940998
2.0400004 3.0707839
2.0420005 3.0475607
2.0440006 3.0244322
2.0460005 3.0014007
2.0480006 2.9784687
2.0500006 2.9556379
2.0520005 2.9329112
2.0540006 2.910291
2.0560004 2.8877792
2.0580005 2.8653791
2.0600006 2.8430929
2.0620005 2.8209238
2.0640006 2.7988739
2.0660004 2.7769463
2.0680005 2.7551444
2.0700006 2.7334704
2.0720005 2.7119279
2.0740006 2.6905198
2.0760004 2.6692498
2.0780005 2.6481204
2.0800006 2.627136
2.0820005 2.6062992
2.0840006 2.5856142
2.0860004 2.5650842
2.0880005 2.5447133
2.0900006 2.5245051
2.0920005 2.5044637
2.0940006 2.4845934
2.0960006 2.4648976
2.0980005 2.4453812
2.1000006 2.426048
2.1020005 2.406903
2.1040005 2.3879504
2.1060006 2.3691947
2.1080005 2.3506408
2.1100006 2.3322935
2.1120004 2.3141575
2.1130006 2.3051705
2.1150005 2.2873614
2.1170006 2.2697763
2.1190006 2.2524209
2.1210005 2.2353001
2.1230006 2.2184196
2.1250005 2.2017846
2.1270005 2.1854012
2.1290006 2.1692748
2.1310005 2.1534114
2.1330006 2.1378162
2.1350004 2.1224961
2.1370005 2.1074562
2.1390006 2.0927033
2.1410005 2.0782428
2.1430006 2.0640817
2.1450004 2.0502253
2.1470005 2.0366802
2.1490006 2.0234528
2.1510005 2.0105491
2.1530006 1.9979756
2.1550004 1.9857385
2.1570005 1.9738439
2.1590006 1.9622983
2.1610005 1.9511079
2.1630006 1.9402784
2.1650004 1.9298165
2.1670005 1.9197277
2.1690006 1.9100182
2.1710005 1.9006935
2.1730006 1.8917596
2.1750006 1.8832221
2.1770005 1.8750863
2.1790006 1.8673574
2.1810004 1.8600404
2.1830005 1.8531405
2.1850006 1.8466619
2.1870005 1.8406094
2.1890006 1.8349872
2.1910004 1.8297992
2.1930005 1.825049
2.1950006 1.8207402
2.1970005 1.8168759
2.1990006 1.8134588
2.2010004 1.8104916
2.2030005 1.8079764
2.2050006 1.8059151
2.2070005 1.8043095
2.2090006 1.8031604
2.2110004 1.802469
2.2130005 1.8022357
2.2150006 1.8024608
2.2170005 1.8031439
2.2190006 1.8042846
2.2210006 1.805882
2.2230005 1.807935
2.2250006 1.8104419
2.2270005 1.8134009
2.2290005 1.8168098
2.2310006 1.8206661
2.2330005 1.8249669
2.2350006 1.8297091
2.2370004 1.8348892
2.2390005 1.8405036
2.2410006 1.8465482
2.2430005 1.853019
2.2450006 1.8599113
2.2470004 1.8672209
2.2490005 1.8749423
2.2510006 1.8830708
2.2530005 1.8916011
2.2550006 1.9005278
2.2570004 1.9098454
2.2590005 1.9195479
2.2610006 1.9296299
2.2630005 1.9400852
2.2650006 1.9509079
2.2670004 1.962092
2.2690005 1.9736314
2.2710006 1.9855194
2.2730005 1.9977503
2.2750005 2.0103178
2.2770006 2.0232153
2.2790005 2.0364373
2.2810006 2.0499766
2.2830004 2.063827
2.2850005 2.0779829
2.2870006 2.092438
2.2890005 2.1071858
2.2910006 2.1222203
2.2930004 2.1375358
2.2950005 2.1531255
2.2970006 2.1689844
2.2990005 2.185106
2.3010006 2.2014849
2.3030004 2.2181151
2.3050005 2.2349913
2.3070006 2.2521076
2.3090005 2.2694592
2.3110006 2.28704
2.3130004 2.3048453
2.3150005 2.3228695
2.3170006 2.3411078
2.3190005 2.3595552
2.3210006 2.3782072
2.3230006 2.3970582
2.3250005 2.4161043
2.3270006 2.4353404
2.3290004 2.4547625
2.3310005 2.4743657
2.3330006 2.4941461
2.3350005 2.5140994
2.3370006 2.5342216
2.3390004 2.5545089
2.3410005 2.5749567
2.3430006 2.595562
2.3450005 2.6163206
2.3470006 2.637229
2.3490004 2.6582837
2.3510005 2.6794813
2.3530006 2.7008183
2.3550005 2.7222915
2.3570006 2.7438974
2.3590004 2.7656336
2.3610005 2.7874963
2.3630006 2.8094833
2.3650005 2.8315911
2.3670006 2.853817
2.3690006 2.8761582
2.3710005 2.8986125
2.3730006 2.9211769
2.3750005 2.9438486
2.3770005 2.9666259
2.3790006 2.9895058
2.3810005 3.012486
2.3830006 3.0355644
2.3850004 3.0587387
2.3870005 3.0820069
2.3890006 3.1053667
2.3910005 3.1288159
2.3930006 3.152353
2.3950004 3.1759756
2.3970005 3.1996818
2.3990006 3.2234702
2.4010005 3.2473385
2.4030006 3.2712853
2.4050004 3.2953086
2.4070005 3.319407
2.4090006 3.3435786
2.4110005 3.3678222
2.4130006 3.3921356
2.4150004 3.4165182
2.4170005 3.440968
2.4190006 3.4654834
2.4210005 3.4900637
2.4230006 3.5147066
2.4250006 3.5394115
2.4270005 3.564177
2.4290006 3.5890019
2.4310004 3.6138844
2.4330005 3.6388242
2.4350006 3.6638196
2.4370005 3.6888692
2.4390006 3.7139726
2.4410004 3.7391284
2.4430005 3.7643354
2.4450006 3.7895925
2.4470005 3.8148992
2.4490006 3.8402541
2.4510004 3.8656564
2.4530005 3.8911052
2.4550006 3.9165993
2.4570005 3.9421384
2.4590006 3.967721
2.4610004 3.9933469
2.4630005 4.0190144
2.4650006 4.0447235
2.4670005 4.0704732
2.4690006 4.0962625
2.4710006 4.1220913
2.4730005 4.1479578
2.4750006 4.1738629
2.4770005 4.1998038
2.4790005 4.225781
2.4810006 4.2517943
2.4830005 4.2778425
2.4850006 4.3039246
2.4870004 4.3300405
2.4890005 4.3561897
2.4910006 4.3823709
2.4930005 4.4085846
2.4950006 4.4348288
2.4970004 4.4611039
2.4990005 4.4874096
2.5010006 4.5137453
2.5030005 4.5401096
2.5050006 4.5665026
2.5070004 4.5929241
2.5090005 4.6193728
2.5110006 4.6458492
2.5130005 4.6723523
2.5150006 4.6988816
2.5170004 4.7254367
2.5190005 4.752017
2.5210006 4.7786226
2.5230005 4.805253
2.5250005 4.8319068
2.5270006 4.8585849
2.5290005 4.8852863
2.5310006 4.9120111
2.5330004 4.9387584
2.5350005 4.965528
2.5370006 4.9923191
2.5390005 5.0191321
2.5410006 5.0459661
2.5430004 5.0728211
2.5450005 5.0996966
2.5470006 5.1265922
2.5490005 5.1535077
2.5510006 5.1804438
2.5530004 5.2073979
2.5550005 5.2343712
2.5570006 5.261364
2.5590005 5.2883744
2.5610006 5.3154035
2.5630004 5.3424506
2.5650005 5.3695145
2.5670006 5.396596
2.5690005 5.4236946
2.5710006 5.4508104
2.5730006 5.4779425
2.5750005 5.5050912
2.5770006 5.5322552
2.5790004 5.5594358
2.5810005 5.5866323
2.5830006 5.6138434
2.5850005 5.6410699
2.5870006 5.6683116
2.5890004 5.6955676
2.5910005 5.7228379
2.5930006 5.7501235
2.5950005 5.7774224
2.5970006 5.8047352
2.5990004 5.8320622
2.6010005 5.8594027
2.6030006 5.8867564
2.6050005 5.9141226
2.6070006 5.9415026
2.6090004 5.9688954
2.6110005 5.9963002
2.6130006 6.0237179
2.6150005 6.0511479
2.6170006 6.0785899
2.6190006 6.1060438
2.6210005 6.1335096
2.6230006 6.1609869
2.6250005 6.1884761
2.6270005 6.2159762
2.6290006 6.2434874
2.6310005 6.2710099
2.6330006 6.298543
2.6350004 6.326087
2.6370005 6.3536415
2.6390006 6.381206
2.6410005 6.4087815
2.6430006 6.436367
2.6450004 6.463963
2.6470005 6.4915686
2.6490006 6.5191836
2.6510005 6.5468087
2.6530006 6.5744433
2.6550004 6.6020875
2.6570005 6.6297407
2.6590006 6.6574035
2.6610005 6.6850748
2.6630006 6.7127557
2.6650004 6.7404451
2.6670005 6.7681432
2.6690006 6.7958503
2.6710005 6.823566
2.6730006 6.8512893
2.6750006 6.8790216
2.6770005 6.9067621
2.6790006 6.9345112
2.6810004 6.9622679
2.6830005 6.9900322
2.6850006 7.0178046
2.6870005 7.0455852
2.6890006 7.0733728
2.6910004 7.1011682
2.6930005 7.1289716
2.6950006 7.1567817
2.6970005 7.1845994
2.6990006 7.2124248
2.7010004 7.2402568
2.7030005 7.268096
2.7050006 7.2959418
2.7070005 7.3237948
2.7090006 7.351655
2.7110004 7.3795218
2.7130005 7.4073949
2.7150006 7.4352746
2.7170005 7.4631615
2.7190006 7.4910541
2.7210006 7.5189538
2.7230005 7.5468593
2.7250006 7.5747709
2.7270005 7.6026888
2.7290005 7.6306133
2.7310006 7.6585431
2.7330005 7.6864796
2.7350006 7.7144213
2.7370004 7.7423697
2.7390005 7.7703233
2.7410006 7.7982826
2.7430005 7.8262472
2.7450006 7.8542175
2.7470004 7.8821945
2.7490005 7.9101763
2.7510006 7.9381633
2.7530005 7.9661551
2.7550006 7.9941535
2.7570004 8.0221567
2.7590005 8.0501642
2.7610006 8.0781775
2.7630005 8.1061964
2.7650006 8.1342201
2.7670004 8.1622477
2.7690005 8.1902819
2.7710006 8.2183199
2.7730005 8.2463627
2.7750003 8.2744112
2.7770006 8.3024635
2.7790005 8.3305206
2.7810004 8.3585825
2.7830007 8.3866491
2.7850005 8.4147205
2.7870004 8.4427958
2.7890007 8.4708757
2.7910006 8.4989605
2.7930004 8.5270491
2.7950008 8.5551424
2.7970006 8.5832405
2.7990005 8.6113415
2.8010003 8.6394472
2.8030007 8.6675577
2.8050005 8.6956711
2.8070004 8.7237902
2.8090007 8.7519121
2.8110006 8.7800379
2.8130004 8.8081684
2.8150007 8.8363028
2.8170006 8.8644409
2.8190005 8.8925829
2.8210003 8.9207287
2.8230006 8.9488783
2.8250005 8.9770317
2.8270004 9.005188
2.8290007 9.033349
2.8310005 9.0615139
2.8330004 9.0896816
2.8350007 9.1178532
2.8370006 9.1460276
2.8390004 9.1742067
2.8410003 9.2023878
2.8430006 9.2305737
2.8450005 9.2587633
2.8470003 9.2869549
2.8490007 9.3151503
2.8510005 9.3433495
2.8530004 9.3715515
2.8550007 9.3997564
2.8570006 9.4279652
2.8590004 9.4561777
2.8610008 9.4843922
2.8630006 9.5126104
2.8650005 9.5408316
2.8670003 9.5690565
2.8690006 9.5972834
2.8710005 9.625514
2.8730004 9.6537476
2.8750007 9.6819839
2.8770005 9.7102232
2.8790004 9.7384653
2.8810007 9.7667112
2.8830006 9.79496
2.8850004 9.8232107
2.8870003 9.8514643
2.8890006 9.8797216
2.8910005 9.9079809
2.8930003 9.9362421
2.8950007 9.9645071
2.8970005 9.9927759
2.8990004 10.021046
2.9010007 10.049318
2.9030006 10.077594
2.9050004 10.105872
2.9070008 10.134153
2.9090006 10.162436
2.9110005 10.190722
2.9130003 10.219011
2.9150007 10.247302
2.9170005 10.275596
2.9190004 10.303891
2.9210007 10.332191
2.9221008 10.347755
2.9241006 10.254483
2.9261005 10.159469
2.9281003 10.061779
2.9301007 9.9634809
2.9321005 9.8636255
2.9341004 9.7613516
2.9361007 9.6586008
2.9381006 9.5544939
2.9401004 9.4491034
2.9421007 9.3407564
2.9441006 9.2330685
2.9461004 9.1243219
2.9481003 9.0145979
2.9501006 8.9039783
2.9521005 8.7910395
2.9541003 8.6781712
2.9561007 8.5644827
2.9581005 8.4512825
2.9601004 8.3376379
2.9621007 8.2229452
2.9641006 8.1083117
2.9661004 7.9937696
2.9681008 7.8794332
2.9701006 7.7651725
2.9721005 7.651103
2.9741003 7.5373421
2.9761007 7.4240112
2.9781005 7.311235
2.9801004 7.1991425
2.9821007 7.0878663
2.9841006 6.9775419
2.9861004 6.8683105
2.9881007 6.7603154
2.9901006 6.6537056
2.9921005 6.5486326
2.9941003 6.445251
2.9961006 6.3437204
2.9981005 6.2442031
3.0001004 6.1468635
3.0021007 6.0518694
3.0041005 5.9593902
3.0061004 5.8695965
3.0081007 5.78266
3.0101006 5.6987519
3.0121004 5.6180434
3.0141008 5.5407014
3.0161006 5.4668922
3.0181005 5.3967752
3.0201003 5.3305058
3.0221007 5.26823
3.0241005 5.2100868
3.0261004 5.1562023
3.0281007 5.1066923
3.0301006 5.0616579
3.0321004 5.0211859
3.0341007 4.9853458
3.0361006 4.9541888
3.0381005 4.9277477
3.0401003 4.9060354
3.0421006 4.8890452
3.0441005 4.876749
3.0461004 4.8690987
3.0481007 4.8660264
3.0501005 4.867444
3.0521004 4.8732452
3.0541007 4.8833065
3.0561006 4.8974886
3.0581004 4.915638
3.0601008 4.9375873
3.0621006 4.9631586
3.0641005 4.9921656
3.0661003 5.0244131
3.0681007 5.0597014
3.0701005 5.0978255
3.0721004 5.1385784
3.0741007 5.1817522
3.0761006 5.2271385
3.0781004 5.2745309
3.0801008 5.3237238
3.0821006 5.374517
3.0841005 5.4267116
3.0861003 5.4801145
3.0881006 5.5345378
3.0901005 5.5897975
3.0921004 5.6457181
3.0941007 5.702126
3.0961005 5.7588558
3.0981004 5.8157492
3.1001007 5.8726506
3.1021006 5.9294128
3.1041004 5.9858942
3.1061003 6.0419588
3.1081006 6.0974755
3.1101005 6.1523194
3.1121003 6.2063713
3.1141007 6.2595162
3.1161005 6.311645
3.1181004 6.3626537
3.1201007 6.4124417
3.1221006 6.4609146
3.1241004 6.5079799
3.1261008 6.5535522
3.1281006 6.597548
3.1301005 6.6398878
3.1321003 6.6804981
3.1341007 6.719306
3.1361005 6.7562437
3.1381004 6.7912459
3.1401007 6.8242517
3.1421005 6.8552017
3.1441004 6.8840408
3.1461007 6.9107161
3.1481006 6.9351773
3.1501004 6.957377
3.1521003 6.9772701
3.1541006 6.9948153
3.1561005 7.0099721
3.1581003 7.0227027
3.1601007 7.0329719
3.1621005 7.0407472
3.1641004 7.0459962
3.1661007 7.0486922
3.1681006 7.0488067
3.1701004 7.0463152
3.1721008 7.0411949
3.1741006 7.0334253
3.1761005 7.0229869
3.1781003 7.0098619
3.1795003 6.9990673
3.1845004 6.773941
3.1895005 6.5488257
3.1945007 6.3237219
3.1995003 6.0986314
3.2045004 5.8735557
3.2095005 5.6484966
3.2145006 5.4234562
3.2195008 5.1984367
3.2245004 4.9734411
3.2295005 4.7484732
3.2345006 4.5235362
3.2395007 4.298636
3.2445004 4.0737772
3.2495005 3.8489687
3.2545006 3.6242189
3.2595007 3.3995399
3.2645004 3.1749465
3.2695005 2.9504585
3.2745006 2.7261016
3.2795007 2.5019112
3.2845003 2.2779362
3.2895005 2.0542479
3.2945006 1.8309503
3.2995007 1.6082067
3.3045003 1.3862844
3.3095004 1.165652
3.3145005 0.94721186
3.3195007 0.73292631
3.3245003 0.5278796
3.3295004 0.34876615
3.3345005 0.25714585
3.3395006 0.33483621
3.3433606 0.46588549
