Position  
0.0000000e+00 6.7985320e+00 
4.9999999e-03 6.7769694e+00 
9.9999998e-03 6.7555571e+00 
1.5000000e-02 6.7342963e+00 
2.0000000e-02 6.7131882e+00 
2.5000000e-02 6.6922336e+00 
2.9999999e-02 6.6714339e+00 
3.5000000e-02 6.6507902e+00 
3.9999999e-02 6.6303034e+00 
4.5000002e-02 6.6099749e+00 
5.0000001e-02 6.5898056e+00 
5.5000000e-02 6.5697966e+00 
5.9999999e-02 6.5499496e+00 
6.4999998e-02 6.5302653e+00 
7.0000000e-02 6.5107446e+00 
7.5000003e-02 6.4913888e+00 
7.9999998e-02 6.4721990e+00 
8.5000001e-02 6.4531755e+00 
9.0000004e-02 6.4343209e+00 
9.4999999e-02 6.4156356e+00 
1.0000000e-01 6.3971210e+00 
1.0500000e-01 6.3787785e+00 
1.1000000e-01 6.3606086e+00 
1.1500000e-01 6.3426127e+00 
1.2000000e-01 6.3247919e+00 
1.2500000e-01 6.3071480e+00 
1.3000000e-01 6.2896814e+00 
1.3500001e-01 6.2723937e+00 
1.4000000e-01 6.2552862e+00 
1.4500000e-01 6.2383604e+00 
1.5000001e-01 6.2216167e+00 
1.5500000e-01 6.2050567e+00 
1.6000000e-01 6.1886821e+00 
1.6500001e-01 6.1724935e+00 
1.7000000e-01 6.1564927e+00 
1.7500000e-01 6.1406794e+00 
1.8000001e-01 6.1250572e+00 
1.8500000e-01 6.1096249e+00 
1.9000000e-01 6.0943856e+00 
1.9499999e-01 6.0793390e+00 
2.0000000e-01 6.0644870e+00 
2.0500000e-01 6.0498309e+00 
2.0800000e-01 6.0411315e+00 
2.0900001e-01 6.0382476e+00 
2.0999999e-01 6.0353718e+00 
2.1100000e-01 6.0325036e+00 
2.1200000e-01 6.0296431e+00 
2.1300000e-01 6.0267911e+00 
2.1400000e-01 6.0239468e+00 
2.1500000e-01 6.0211105e+00 
2.1600001e-01 6.0182824e+00 
2.1699999e-01 6.0154619e+00 
2.1799999e-01 6.0126491e+00 
2.1900000e-01 6.0098453e+00 
2.2000000e-01 6.0070486e+00 
2.2100000e-01 6.0042605e+00 
2.2200000e-01 6.0014801e+00 
2.2300000e-01 5.9987078e+00 
2.2400001e-01 5.9959435e+00 
2.2499999e-01 5.9931874e+00 
2.2600000e-01 5.9904389e+00 
2.2700000e-01 5.9876990e+00 
2.2800000e-01 5.9849672e+00 
2.2900000e-01 5.9822435e+00 
2.3000000e-01 5.9795280e+00 
2.3100001e-01 5.9768200e+00 
2.3199999e-01 5.9741206e+00 
2.3300000e-01 5.9714289e+00 
2.3400000e-01 5.9687457e+00 
2.3500000e-01 5.9660707e+00 
2.3600000e-01 5.9634032e+00 
2.3700000e-01 5.9607444e+00 
2.3800001e-01 5.9580936e+00 
2.3899999e-01 5.9554510e+00 
2.3999999e-01 5.9528170e+00 
2.4100000e-01 5.9501905e+00 
2.4200000e-01 5.9475727e+00 
2.4300000e-01 5.9449630e+00 
2.4400000e-01 5.9423614e+00 
2.4500000e-01 5.9397683e+00 
2.4600001e-01 5.9371829e+00 
2.4699999e-01 5.9346061e+00 
2.4800000e-01 5.9320378e+00 
2.4900000e-01 5.9294772e+00 
2.5000000e-01 5.9269252e+00 
2.5099999e-01 5.9243813e+00 
2.5200000e-01 5.9218459e+00 
2.5299999e-01 5.9193187e+00 
2.5400001e-01 5.9168000e+00 
2.5500000e-01 5.9142895e+00 
2.5600001e-01 5.9117870e+00 
2.5700000e-01 5.9092937e+00 
2.5799999e-01 5.9068079e+00 
2.5900000e-01 5.9043303e+00 
2.5999999e-01 5.9018617e+00 
2.6100001e-01 5.8994007e+00 
2.6199999e-01 5.8969493e+00 
2.6300001e-01 5.8945055e+00 
2.6400000e-01 5.8920698e+00 
2.6499999e-01 5.8896432e+00 
2.6600000e-01 5.8872242e+00 
2.6699999e-01 5.8848147e+00 
2.6800001e-01 5.8824124e+00 
2.6899999e-01 5.8800197e+00 
2.7000001e-01 5.8776350e+00 
2.7100000e-01 5.8752589e+00 
2.7200001e-01 5.8728909e+00 
2.7300000e-01 5.8705311e+00 
2.7399999e-01 5.8681808e+00 
2.7500001e-01 5.8658385e+00 
2.7599999e-01 5.8635044e+00 
2.7700001e-01 5.8611794e+00 
2.7800000e-01 5.8588629e+00 
2.7900001e-01 5.8565545e+00 
2.8000000e-01 5.8542547e+00 
2.8099999e-01 5.8519635e+00 
2.8200001e-01 5.8496809e+00 
2.8299999e-01 5.8474069e+00 
2.8400001e-01 5.8451414e+00 
2.8500000e-01 5.8428850e+00 
2.8600001e-01 5.8406367e+00 
2.8700000e-01 5.8383970e+00 
2.8799999e-01 5.8361659e+00 
2.8900000e-01 5.8339438e+00 
2.8999999e-01 5.8317299e+00 
2.9100001e-01 5.8295250e+00 
2.9200000e-01 5.8273287e+00 
2.9300001e-01 5.8251410e+00 
2.9400000e-01 5.8229618e+00 
2.9499999e-01 5.8207912e+00 
2.9600000e-01 5.8186297e+00 
2.9699999e-01 5.8164763e+00 
2.9800001e-01 5.8143320e+00 
2.9899999e-01 5.8121967e+00 
3.0000001e-01 5.8100700e+00 
3.0100000e-01 5.8079515e+00 
3.0199999e-01 5.8058419e+00 
3.0300000e-01 5.8037410e+00 
3.0399999e-01 5.8016491e+00 
3.0500001e-01 5.7995658e+00 
3.0599999e-01 5.7974916e+00 
3.0700001e-01 5.7954259e+00 
3.0800000e-01 5.7933688e+00 
3.0899999e-01 5.7913203e+00 
3.1000000e-01 5.7892814e+00 
3.1099999e-01 5.7872505e+00 
3.1200001e-01 5.7852292e+00 
3.1299999e-01 5.7832160e+00 
3.1400001e-01 5.7812119e+00 
3.1500000e-01 5.7792168e+00 
3.1600001e-01 5.7772303e+00 
3.1700000e-01 5.7752528e+00 
3.1799999e-01 5.7732840e+00 
3.1900001e-01 5.7713242e+00 
3.1999999e-01 5.7693734e+00 
3.2100001e-01 5.7674313e+00 
3.2200000e-01 5.7654982e+00 
3.2300001e-01 5.7635736e+00 
3.2400000e-01 5.7616582e+00 
3.2499999e-01 5.7597518e+00 
3.2600001e-01 5.7578545e+00 
3.2699999e-01 5.7559657e+00 
3.2800001e-01 5.7540860e+00 
3.2900000e-01 5.7522154e+00 
3.3000001e-01 5.7503533e+00 
3.3100000e-01 5.7485003e+00 
3.3199999e-01 5.7466569e+00 
3.3300000e-01 5.7448220e+00 
3.3399999e-01 5.7429962e+00 
3.3500001e-01 5.7411790e+00 
3.3600000e-01 5.7393713e+00 
3.3700001e-01 5.7375727e+00 
3.3800000e-01 5.7357826e+00 
3.3899999e-01 5.7340016e+00 
3.4000000e-01 5.7322297e+00 
3.4099999e-01 5.7304668e+00 
3.4200001e-01 5.7287130e+00 
3.4299999e-01 5.7269683e+00 
3.4400001e-01 5.7252331e+00 
3.4500000e-01 5.7235060e+00 
3.4599999e-01 5.7217889e+00 
3.4700000e-01 5.7200804e+00 
3.4799999e-01 5.7183809e+00 
3.4900001e-01 5.7166910e+00 
3.4999999e-01 5.7150097e+00 
3.5100001e-01 5.7133374e+00 
3.5200000e-01 5.7116747e+00 
3.5299999e-01 5.7100210e+00 
3.5400000e-01 5.7083764e+00 
3.5499999e-01 5.7067409e+00 
3.5600001e-01 5.7051144e+00 
3.5699999e-01 5.7034979e+00 
3.5800001e-01 5.7018895e+00 
3.6000001e-01 5.6987014e+00 
3.6199999e-01 5.6955495e+00 
3.6399999e-01 5.6924343e+00 
3.6600000e-01 5.6893568e+00 
3.6800000e-01 5.6863155e+00 
3.7000000e-01 5.6833119e+00 
3.7200001e-01 5.6803446e+00 
3.7400001e-01 5.6774149e+00 
3.7599999e-01 5.6745224e+00 
3.7799999e-01 5.6716666e+00 
3.8000000e-01 5.6688485e+00 
3.8200000e-01 5.6660676e+00 
3.8400000e-01 5.6633244e+00 
3.8600001e-01 5.6606183e+00 
3.8800001e-01 5.6579494e+00 
3.8999999e-01 5.6553183e+00 
3.9199999e-01 5.6527252e+00 
3.9399999e-01 5.6501698e+00 
3.9600000e-01 5.6476512e+00 
3.9800000e-01 5.6451712e+00 
4.0000001e-01 5.6427288e+00 
4.0200001e-01 5.6403241e+00 
4.0400001e-01 5.6379576e+00 
4.0599999e-01 5.6356292e+00 
4.0799999e-01 5.6333389e+00 
4.1000000e-01 5.6310863e+00 
4.1200000e-01 5.6288719e+00 
4.1400000e-01 5.6266956e+00 
4.1600001e-01 5.6245580e+00 
4.1800001e-01 5.6224580e+00 
4.1999999e-01 5.6203971e+00 
4.2199999e-01 5.6183739e+00 
4.2399999e-01 5.6163893e+00 
4.2600000e-01 5.6144428e+00 
4.2800000e-01 5.6125350e+00 
4.3000001e-01 5.6106658e+00 
4.3200001e-01 5.6088347e+00 
4.3399999e-01 5.6070423e+00 
4.3599999e-01 5.6052890e+00 
4.3799999e-01 5.6035738e+00 
4.4000000e-01 5.6018972e+00 
4.4200000e-01 5.6002598e+00 
4.4400001e-01 5.5986609e+00 
4.4600001e-01 5.5971007e+00 
4.4800001e-01 5.5955796e+00 
4.4999999e-01 5.5940976e+00 
4.5199999e-01 5.5926542e+00 
4.5400000e-01 5.5912499e+00 
4.5600000e-01 5.5898848e+00 
4.5800000e-01 5.5885582e+00 
4.6000001e-01 5.5872707e+00 
4.6200001e-01 5.5860229e+00 
4.6399999e-01 5.5848141e+00 
4.6599999e-01 5.5836444e+00 
4.6799999e-01 5.5825138e+00 
4.7000000e-01 5.5814223e+00 
4.7200000e-01 5.5803704e+00 
4.7400001e-01 5.5793576e+00 
4.7600001e-01 5.5783839e+00 
4.7799999e-01 5.5774498e+00 
4.7999999e-01 5.5765553e+00 
4.8199999e-01 5.5756998e+00 
4.8400000e-01 5.5748839e+00 
4.8600000e-01 5.5741076e+00 
4.8800001e-01 5.5733709e+00 
4.9000001e-01 5.5726738e+00 
4.9200001e-01 5.5720162e+00 
4.9399999e-01 5.5713983e+00 
4.9599999e-01 5.5708199e+00 
4.9800000e-01 5.5702815e+00 
4.9800000e-01 5.5702815e+00 
4.9900001e-01 5.5700264e+00 
5.0000000e-01 5.5697823e+00 
5.0099999e-01 5.5695477e+00 
5.0199997e-01 5.5693231e+00 
5.0300002e-01 5.5691085e+00 
5.0400001e-01 5.5689034e+00 
5.0500000e-01 5.5687089e+00 
5.0599998e-01 5.5685234e+00 
5.0700003e-01 5.5683489e+00 
5.0800002e-01 5.5681834e+00 
5.0900000e-01 5.5680285e+00 
5.0999999e-01 5.5678830e+00 
5.1099998e-01 5.5677481e+00 
5.1200002e-01 5.5676227e+00 
5.1300001e-01 5.5675073e+00 
5.1400000e-01 5.5674019e+00 
5.1499999e-01 5.5673065e+00 
5.1999998e-01 5.5669794e+00 
5.2499998e-01 5.5669007e+00 
5.2999997e-01 5.5670714e+00 
5.3500003e-01 5.5674915e+00 
5.4000002e-01 5.5681615e+00 
5.4500002e-01 5.5690808e+00 
5.5000001e-01 5.5702500e+00 
5.5500001e-01 5.5716691e+00 
5.6000000e-01 5.5733385e+00 
5.6500000e-01 5.5752573e+00 
5.6999999e-01 5.5774264e+00 
5.7499999e-01 5.5798450e+00 
5.7999998e-01 5.5825143e+00 
5.8499998e-01 5.5854325e+00 
5.8999997e-01 5.5886011e+00 
5.9500003e-01 5.5920186e+00 
6.0000002e-01 5.5956860e+00 
6.0500002e-01 5.5996022e+00 
6.1000001e-01 5.6037669e+00 
6.1500001e-01 5.6081810e+00 
6.2000000e-01 5.6128426e+00 
6.2500000e-01 5.6177526e+00 
6.3000000e-01 5.6229100e+00 
6.3499999e-01 5.6283145e+00 
6.3999999e-01 5.6339660e+00 
6.4499998e-01 5.6398635e+00 
6.4999998e-01 5.6460071e+00 
6.5499997e-01 5.6523962e+00 
6.6000003e-01 5.6590304e+00 
6.6500002e-01 5.6659088e+00 
6.7000002e-01 5.6730313e+00 
6.7500001e-01 5.6803970e+00 
6.8000001e-01 5.6880059e+00 
6.8500000e-01 5.6958570e+00 
6.9000000e-01 5.7039499e+00 
6.9499999e-01 5.7122836e+00 
6.9999999e-01 5.7208586e+00 
7.0499998e-01 5.7296720e+00 
7.0999998e-01 5.7387252e+00 
7.1499997e-01 5.7480159e+00 
7.2000003e-01 5.7575440e+00 
7.2500002e-01 5.7673092e+00 
7.3000002e-01 5.7773099e+00 
7.3500001e-01 5.7875457e+00 
7.4000001e-01 5.7980156e+00 
7.4500000e-01 5.8087192e+00 
7.5000000e-01 5.8196540e+00 
7.5500000e-01 5.8308206e+00 
7.5999999e-01 5.8422179e+00 
7.6499999e-01 5.8538446e+00 
7.6999998e-01 5.8657007e+00 
7.7499998e-01 5.8777838e+00 
7.7999997e-01 5.8900943e+00 
7.8500003e-01 5.9026303e+00 
7.9000002e-01 5.9153914e+00 
7.9500002e-01 5.9283762e+00 
8.0000001e-01 5.9415836e+00 
8.0500001e-01 5.9550128e+00 
8.1000000e-01 5.9686627e+00 
8.1500000e-01 5.9825325e+00 
8.1999999e-01 5.9966202e+00 
8.2499999e-01 6.0109253e+00 
8.2999998e-01 6.0254469e+00 
8.3499998e-01 6.0401835e+00 
8.3999997e-01 6.0551338e+00 
8.4500003e-01 6.0702972e+00 
8.5000002e-01 6.0856724e+00 
8.5500002e-01 6.1012583e+00 
8.6000001e-01 6.1170535e+00 
8.6500001e-01 6.1330571e+00 
8.7000000e-01 6.1492677e+00 
8.7500000e-01 6.1656847e+00 
8.8000000e-01 6.1823063e+00 
8.8499999e-01 6.1991315e+00 
8.8999999e-01 6.2161593e+00 
8.9499998e-01 6.2333884e+00 
8.9999998e-01 6.2508173e+00 
9.0499997e-01 6.2684450e+00 
9.1000003e-01 6.2862706e+00 
9.1500002e-01 6.3042917e+00 
9.2000002e-01 6.3225083e+00 
9.2500001e-01 6.3409185e+00 
9.3000001e-01 6.3595219e+00 
9.3500000e-01 6.3783164e+00 
9.4000000e-01 6.3973002e+00 
9.4499999e-01 6.4164739e+00 
9.4999999e-01 6.4358344e+00 
9.5499998e-01 6.4553819e+00 
9.5999998e-01 6.4751139e+00 
9.6499997e-01 6.4950294e+00 
9.7000003e-01 6.5151286e+00 
9.7500002e-01 6.5354085e+00 
9.8000002e-01 6.5558681e+00 
9.8500001e-01 6.5765076e+00 
9.9000001e-01 6.5973234e+00 
9.9500000e-01 6.6183157e+00 
1.0000000e+00 6.6394835e+00 
1.0050000e+00 6.6608248e+00 
1.0100000e+00 6.6823387e+00 
1.0150000e+00 6.7040238e+00 
1.0200000e+00 6.7258797e+00 
1.0250000e+00 6.7479043e+00 
1.0300000e+00 6.7700963e+00 
1.0350000e+00 6.7924552e+00 
1.0400000e+00 6.8149791e+00 
1.0450000e+00 6.8376670e+00 
1.0500000e+00 6.8605180e+00 
1.0549999e+00 6.8835306e+00 
1.0599999e+00 6.9067035e+00 
1.0650001e+00 6.9300356e+00 
1.0700001e+00 6.9535260e+00 
1.0750000e+00 6.9771729e+00 
1.0800000e+00 7.0009751e+00 
1.0850000e+00 7.0249329e+00 
1.0900000e+00 7.0490432e+00 
1.0950000e+00 7.0733056e+00 
1.1000000e+00 7.0977187e+00 
1.1050000e+00 7.1222820e+00 
1.1100000e+00 7.1469936e+00 
1.1150000e+00 7.1718526e+00 
1.1200000e+00 7.1968579e+00 
1.1250000e+00 7.2220082e+00 
1.1300000e+00 7.2473025e+00 
1.1350000e+00 7.2727399e+00 
1.1400000e+00 7.2983193e+00 
1.1450000e+00 7.3240390e+00 
1.1500000e+00 7.3498983e+00 
1.1550000e+00 7.3758960e+00 
1.1600000e+00 7.4020319e+00 
1.1650000e+00 7.4283028e+00 
1.1700000e+00 7.4547100e+00 
1.1750000e+00 7.4812508e+00 
1.1799999e+00 7.5079250e+00 
1.1849999e+00 7.5347309e+00 
1.1900001e+00 7.5616679e+00 
1.1950001e+00 7.5887346e+00 
1.2000000e+00 7.6159310e+00 
1.2050000e+00 7.6432543e+00 
1.2100000e+00 7.6707053e+00 
1.2150000e+00 7.6982818e+00 
1.2200000e+00 7.7259831e+00 
1.2200000e+00 7.8197980e+00 
1.2210000e+00 7.8275065e+00 
1.2220000e+00 7.8340721e+00 
1.2220000e+00 7.8321071e+00 
1.2230000e+00 7.8381104e+00 
1.2240000e+00 7.8441186e+00 
1.2240000e+00 7.8441186e+00 
1.2250000e+00 7.8501301e+00 
1.2260000e+00 7.8561473e+00 
1.2260000e+00 7.8561473e+00 
1.2280000e+00 7.8681941e+00 
1.2300000e+00 7.8802595e+00 
1.2320000e+00 7.8923421e+00 
1.2340000e+00 7.9044428e+00 
1.2359999e+00 7.9165611e+00 
1.2380000e+00 7.9286966e+00 
1.2400000e+00 7.9408503e+00 
1.2420000e+00 7.9530215e+00 
1.2440000e+00 7.9652100e+00 
1.2460001e+00 7.9774160e+00 
1.2480000e+00 7.9896393e+00 
1.2500000e+00 8.0018797e+00 
1.2520000e+00 8.0141382e+00 
1.2539999e+00 8.0264130e+00 
1.2560000e+00 8.0387049e+00 
1.2580000e+00 8.0510149e+00 
1.2600000e+00 8.0633402e+00 
1.2620000e+00 8.0756836e+00 
1.2640001e+00 8.0880442e+00 
1.2660000e+00 8.1004210e+00 
1.2680000e+00 8.1128139e+00 
1.2700000e+00 8.1252251e+00 
1.2720000e+00 8.1376514e+00 
1.2740000e+00 8.1500959e+00 
1.2760000e+00 8.1625566e+00 
1.2780000e+00 8.1750336e+00 
1.2800000e+00 8.1875267e+00 
1.2819999e+00 8.2000360e+00 
1.2840000e+00 8.2125626e+00 
1.2860000e+00 8.2251043e+00 
1.2880000e+00 8.2376633e+00 
1.2900000e+00 8.2502384e+00 
1.2920001e+00 8.2628288e+00 
1.2940000e+00 8.2754364e+00 
1.2960000e+00 8.2880592e+00 
1.2980000e+00 8.3006983e+00 
1.3000000e+00 8.3133545e+00 
1.3020000e+00 8.3260250e+00 
1.3040000e+00 8.3387108e+00 
1.3060000e+00 8.3514137e+00 
1.3080000e+00 8.3641319e+00 
1.3099999e+00 8.3768654e+00 
1.3120000e+00 8.3896151e+00 
1.3140000e+00 8.4023800e+00 
1.3160000e+00 8.4151621e+00 
1.3180000e+00 8.4279575e+00 
1.3200001e+00 8.4407682e+00 
1.3220000e+00 8.4535952e+00 
1.3240000e+00 8.4664373e+00 
1.3260000e+00 8.4792957e+00 
1.3279999e+00 8.4921684e+00 
1.3300000e+00 8.5050554e+00 
1.3320000e+00 8.5179586e+00 
1.3340000e+00 8.5308762e+00 
1.3360000e+00 8.5438089e+00 
1.3380001e+00 8.5567570e+00 
1.3400000e+00 8.5697203e+00 
1.3420000e+00 8.5826969e+00 
1.3440000e+00 8.5956898e+00 
1.3460000e+00 8.6086969e+00 
1.3480000e+00 8.6217194e+00 
1.3500000e+00 8.6347551e+00 
1.3520000e+00 8.6478071e+00 
1.3540000e+00 8.6608734e+00 
1.3559999e+00 8.6739531e+00 
1.3580000e+00 8.6870480e+00 
1.3600000e+00 8.7001572e+00 
1.3620000e+00 8.7132807e+00 
1.3640000e+00 8.7264185e+00 
1.3660001e+00 8.7395706e+00 
1.3680000e+00 8.7527380e+00 
1.3700000e+00 8.7659187e+00 
1.3720000e+00 8.7791128e+00 
1.3740000e+00 8.7923231e+00 
1.3760000e+00 8.8055458e+00 
1.3780000e+00 8.8187828e+00 
1.3800000e+00 8.8320341e+00 
1.3820000e+00 8.8452988e+00 
1.3839999e+00 8.8585777e+00 
1.3860000e+00 8.8718700e+00 
1.3880000e+00 8.8851767e+00 
1.3900000e+00 8.8984976e+00 
1.3920000e+00 8.9118309e+00 
1.3940001e+00 8.9251795e+00 
1.3960000e+00 8.9385395e+00 
1.3980000e+00 8.9519157e+00 
1.4000000e+00 8.9653034e+00 
1.4020000e+00 8.9787045e+00 
1.4040000e+00 8.9921207e+00 
1.4060000e+00 9.0055494e+00 
1.4080000e+00 9.0189915e+00 
1.4100000e+00 9.0318413e+00 
1.4119999e+00 9.0434952e+00 
1.4140000e+00 9.0539503e+00 
1.4160000e+00 9.0632048e+00 
1.4180000e+00 9.0712585e+00 
1.4200000e+00 9.0781097e+00 
1.4220001e+00 9.0837574e+00 
1.4240000e+00 9.0881996e+00 
1.4260000e+00 9.0914373e+00 
1.4280000e+00 9.0934706e+00 
1.4299999e+00 9.0942974e+00 
1.4320000e+00 9.0939198e+00 
1.4340000e+00 9.0923357e+00 
1.4360000e+00 9.0895462e+00 
1.4380000e+00 9.0855513e+00 
1.4400001e+00 9.0803509e+00 
1.4420000e+00 9.0739479e+00 
1.4440000e+00 9.0663414e+00 
1.4460000e+00 9.0575333e+00 
1.4480000e+00 9.0475235e+00 
1.4500000e+00 9.0363140e+00 
1.4520000e+00 9.0239067e+00 
1.4540000e+00 9.0103035e+00 
1.4560000e+00 8.9955053e+00 
1.4579999e+00 8.9795151e+00 
1.4600000e+00 8.9623337e+00 
1.4620000e+00 8.9439650e+00 
1.4640000e+00 8.9244108e+00 
1.4660000e+00 8.9036732e+00 
1.4680001e+00 8.8817549e+00 
1.4700000e+00 8.8586607e+00 
1.4720000e+00 8.8343906e+00 
1.4740000e+00 8.8089504e+00 
1.4760000e+00 8.7823439e+00 
1.4780000e+00 8.7545738e+00 
1.4800000e+00 8.7256422e+00 
1.4820000e+00 8.6955557e+00 
1.4840000e+00 8.6643171e+00 
1.4859999e+00 8.6319304e+00 
1.4880000e+00 8.5984001e+00 
1.4900000e+00 8.5637321e+00 
1.4920000e+00 8.5279293e+00 
1.4940000e+00 8.4909973e+00 
1.4960001e+00 8.4529419e+00 
1.4980000e+00 8.4137669e+00 
1.5000000e+00 8.3734779e+00 
1.5020000e+00 8.3320799e+00 
1.5039999e+00 8.2895803e+00 
1.5060000e+00 8.2459841e+00 
1.5080000e+00 8.2012968e+00 
1.5100000e+00 8.1555252e+00 
1.5120000e+00 8.1086750e+00 
1.5140001e+00 8.0607519e+00 
1.5160000e+00 8.0117626e+00 
1.5180000e+00 7.9617157e+00 
1.5200000e+00 7.9106159e+00 
1.5220000e+00 7.8584719e+00 
1.5240000e+00 7.8052893e+00 
1.5260000e+00 7.7510757e+00 
1.5280000e+00 7.6958394e+00 
1.5300000e+00 7.6395869e+00 
1.5319999e+00 7.5823264e+00 
1.5340000e+00 7.5240660e+00 
1.5360000e+00 7.4648132e+00 
1.5380000e+00 7.4045763e+00 
1.5400000e+00 7.3433638e+00 
1.5420001e+00 7.2811842e+00 
1.5440000e+00 7.2180452e+00 
1.5460000e+00 7.1539564e+00 
1.5480000e+00 7.0889263e+00 
1.5520000e+00 6.9579668e+00 
1.5560000e+00 6.8270802e+00 
1.5599999e+00 6.6962690e+00 
1.5640000e+00 6.5655360e+00 
1.5680000e+00 6.4348836e+00 
1.5720000e+00 6.3043151e+00 
1.5760000e+00 6.1738343e+00 
1.5800000e+00 6.0434442e+00 
1.5840000e+00 5.9131484e+00 
1.5880001e+00 5.7829514e+00 
1.5920000e+00 5.6528573e+00 
1.5960000e+00 5.5228724e+00 
1.6000000e+00 5.3930006e+00 
1.6040000e+00 5.2632494e+00 
1.6080000e+00 5.1336241e+00 
1.6120000e+00 5.0041332e+00 
1.6160001e+00 4.8747830e+00 
1.6200000e+00 4.7455845e+00 
1.6240000e+00 4.6165462e+00 
1.6280000e+00 4.4876790e+00 
1.6320000e+00 4.3589954e+00 
1.6360000e+00 4.2305088e+00 
1.6400000e+00 4.1022353e+00 
1.6420000e+00 4.0385876e+00 
1.6440001e+00 3.9758003e+00 
1.6460000e+00 3.9138632e+00 
1.6480000e+00 3.8527668e+00 
1.6500000e+00 3.7925014e+00 
1.6520000e+00 3.7330582e+00 
1.6540000e+00 3.6744282e+00 
1.6560000e+00 3.6166029e+00 
1.6580000e+00 3.5595744e+00 
1.6600000e+00 3.5033343e+00 
1.6619999e+00 3.4478755e+00 
1.6640000e+00 3.3931911e+00 
1.6660000e+00 3.3392739e+00 
1.6680000e+00 3.2861176e+00 
1.6700000e+00 3.2337158e+00 
1.6720001e+00 3.1820629e+00 
1.6740000e+00 3.1311538e+00 
1.6760000e+00 3.0809834e+00 
1.6780000e+00 3.0315473e+00 
1.6799999e+00 2.9828413e+00 
1.6820000e+00 2.9348617e+00 
1.6840000e+00 2.8876052e+00 
1.6860000e+00 2.8410692e+00 
1.6880000e+00 2.7952514e+00 
1.6900001e+00 2.7501497e+00 
1.6920000e+00 2.7057633e+00 
1.6940000e+00 2.6620910e+00 
1.6960000e+00 2.6191330e+00 
1.6980000e+00 2.5768893e+00 
1.7000000e+00 2.5353608e+00 
1.7020000e+00 2.4945493e+00 
1.7040000e+00 2.4544566e+00 
1.7060000e+00 2.4150858e+00 
1.7079999e+00 2.3764398e+00 
1.7100000e+00 2.3385231e+00 
1.7120000e+00 2.3013403e+00 
1.7140000e+00 2.2648969e+00 
1.7160000e+00 2.2291989e+00 
1.7180001e+00 2.1942532e+00 
1.7200000e+00 2.1600678e+00 
1.7220000e+00 2.1266508e+00 
1.7240000e+00 2.0940118e+00 
1.7260000e+00 2.0621600e+00 
1.7280000e+00 2.0311065e+00 
1.7300000e+00 2.0008631e+00 
1.7320000e+00 1.9714413e+00 
1.7340000e+00 1.9428548e+00 
1.7359999e+00 1.9151168e+00 
1.7380000e+00 1.8882419e+00 
1.7400000e+00 1.8622452e+00 
1.7420000e+00 1.8371423e+00 
1.7440000e+00 1.8129498e+00 
1.7460001e+00 1.7896842e+00 
1.7480000e+00 1.7673628e+00 
1.7500000e+00 1.7460034e+00 
1.7520000e+00 1.7256238e+00 
1.7539999e+00 1.7062424e+00 
1.7560000e+00 1.6878773e+00 
1.7580000e+00 1.6705468e+00 
1.7600000e+00 1.6542689e+00 
1.7620000e+00 1.6390612e+00 
1.7640001e+00 1.6249415e+00 
1.7660000e+00 1.6119261e+00 
1.7680000e+00 1.6000313e+00 
1.7700000e+00 1.5892720e+00 
1.7720000e+00 1.5796626e+00 
1.7740000e+00 1.5712157e+00 
1.7760000e+00 1.5639435e+00 
1.7780000e+00 1.5578556e+00 
1.7800000e+00 1.5529610e+00 
1.7840000e+00 1.5461636e+00 
1.7880000e+00 1.5429786e+00 
1.7920001e+00 1.5434257e+00 
1.7960000e+00 1.5474986e+00 
1.8000000e+00 1.5551661e+00 
1.8040000e+00 1.5663729e+00 
1.8080000e+00 1.5810416e+00 
1.8120000e+00 1.5990752e+00 
1.8160000e+00 1.6203597e+00 
1.8200001e+00 1.6447674e+00 
1.8240000e+00 1.6721609e+00 
1.8279999e+00 1.7023951e+00 
1.8320000e+00 1.7353219e+00 
1.8360000e+00 1.7707914e+00 
1.8400000e+00 1.8086550e+00 
1.8440000e+00 1.8487668e+00 
1.8480000e+00 1.8909856e+00 
1.8520000e+00 1.9351758e+00 
1.8559999e+00 1.9812083e+00 
1.8600000e+00 2.0289614e+00 
1.8640000e+00 2.0783203e+00 
1.8680000e+00 2.1291780e+00 
1.8720000e+00 2.1814353e+00 
1.8740000e+00 2.2078006e+00 
1.8760000e+00 2.2339592e+00 
1.8780000e+00 2.2598956e+00 
1.8800000e+00 2.2855935e+00 
1.8820000e+00 2.3110375e+00 
1.8839999e+00 2.3362138e+00 
1.8860000e+00 2.3611078e+00 
1.8880000e+00 2.3857064e+00 
1.8900000e+00 2.4099963e+00 
1.8920000e+00 2.4339645e+00 
1.8940001e+00 2.4575999e+00 
1.8960000e+00 2.4808898e+00 
1.8980000e+00 2.5038240e+00 
1.9000000e+00 2.5263910e+00 
1.9020000e+00 2.5485809e+00 
1.9040000e+00 2.5703833e+00 
1.9060000e+00 2.5917883e+00 
1.9080000e+00 2.6127868e+00 
1.9100000e+00 2.6333699e+00 
1.9119999e+00 2.6535287e+00 
1.9140000e+00 2.6732550e+00 
1.9160000e+00 2.6925409e+00 
1.9180000e+00 2.7113783e+00 
1.9200000e+00 2.7297595e+00 
1.9220001e+00 2.7476780e+00 
1.9240000e+00 2.7651265e+00 
1.9260000e+00 2.7820985e+00 
1.9280000e+00 2.7985873e+00 
1.9299999e+00 2.8145871e+00 
1.9320000e+00 2.8300924e+00 
1.9340000e+00 2.8450966e+00 
1.9360000e+00 2.8595953e+00 
1.9380000e+00 2.8735826e+00 
1.9400001e+00 2.8870542e+00 
1.9420000e+00 2.9000051e+00 
1.9440000e+00 2.9124312e+00 
1.9460000e+00 2.9243281e+00 
1.9480000e+00 2.9356921e+00 
1.9500000e+00 2.9465189e+00 
1.9520000e+00 2.9568052e+00 
1.9540000e+00 2.9665482e+00 
1.9560000e+00 2.9757447e+00 
1.9579999e+00 2.9843912e+00 
1.9600000e+00 2.9924860e+00 
1.9620000e+00 3.0000257e+00 
1.9640000e+00 3.0070086e+00 
1.9660000e+00 3.0134325e+00 
1.9680001e+00 3.0192957e+00 
1.9700000e+00 3.0245965e+00 
1.9720000e+00 3.0293336e+00 
1.9740000e+00 3.0335057e+00 
1.9760000e+00 3.0371120e+00 
1.9780000e+00 3.0401516e+00 
1.9800000e+00 3.0426238e+00 
1.9820000e+00 3.0445287e+00 
1.9840000e+00 3.0458653e+00 
1.9859999e+00 3.0466344e+00 
1.9880000e+00 3.0468357e+00 
1.9900000e+00 3.0464699e+00 
1.9920000e+00 3.0455379e+00 
1.9940000e+00 3.0440402e+00 
1.9960001e+00 3.0419776e+00 
1.9980000e+00 3.0393519e+00 
2.0000000e+00 3.0361643e+00 
2.0020001e+00 3.0324161e+00 
2.0039999e+00 3.0281096e+00 
2.0060000e+00 3.0232470e+00 
2.0079999e+00 3.0178301e+00 
2.0100000e+00 3.0118620e+00 
2.0120001e+00 3.0053449e+00 
2.0139999e+00 2.9986370e+00 
2.0160000e+00 2.9920952e+00 
2.0179999e+00 2.9857211e+00 
2.0200000e+00 2.9795160e+00 
2.0220001e+00 2.9734814e+00 
2.0239999e+00 2.9676185e+00 
2.0260000e+00 2.9619284e+00 
2.0280001e+00 2.9564128e+00 
2.0300000e+00 2.9510725e+00 
2.0320001e+00 2.9459095e+00 
2.0339999e+00 2.9409249e+00 
2.0360000e+00 2.9361196e+00 
2.0380001e+00 2.9314950e+00 
2.0400000e+00 2.9270523e+00 
2.0420001e+00 2.9227929e+00 
2.0439999e+00 2.9187181e+00 
2.0460000e+00 2.9148288e+00 
2.0480001e+00 2.9111261e+00 
2.0500000e+00 2.9076118e+00 
2.0520000e+00 2.9042864e+00 
2.0539999e+00 2.9011512e+00 
2.0560000e+00 2.8982069e+00 
2.0580001e+00 2.8954551e+00 
2.0599999e+00 2.8928967e+00 
2.0620000e+00 2.8905323e+00 
2.0639999e+00 2.8883631e+00 
2.0660000e+00 2.8863900e+00 
2.0680001e+00 2.8846140e+00 
2.0699999e+00 2.8830359e+00 
2.0720000e+00 2.8816564e+00 
2.0739999e+00 2.8804765e+00 
2.0760000e+00 2.8794966e+00 
2.0780001e+00 2.8787181e+00 
2.0799999e+00 2.8781414e+00 
2.0820000e+00 2.8777671e+00 
2.0840001e+00 2.8775961e+00 
2.0860000e+00 2.8776286e+00 
2.0880001e+00 2.8778656e+00 
2.0899999e+00 2.8783071e+00 
2.0920000e+00 2.8789539e+00 
2.0940001e+00 2.8798063e+00 
2.0960000e+00 2.8808651e+00 
2.0980000e+00 2.8821299e+00 
2.0999999e+00 2.8836019e+00 
2.1020000e+00 2.8852808e+00 
2.1040001e+00 2.8871672e+00 
2.1059999e+00 2.8892612e+00 
2.1080000e+00 2.8915629e+00 
2.1099999e+00 2.8940725e+00 
2.1120000e+00 2.8967903e+00 
2.1129999e+00 2.8982267e+00 
2.1150000e+00 2.9012563e+00 
2.1170001e+00 2.9044940e+00 
2.1190000e+00 2.9079397e+00 
2.1210001e+00 2.9115932e+00 
2.1229999e+00 2.9154546e+00 
2.1250000e+00 2.9195235e+00 
2.1270001e+00 2.9238002e+00 
2.1289999e+00 2.9282837e+00 
2.1310000e+00 2.9329743e+00 
2.1329999e+00 2.9378717e+00 
2.1350000e+00 2.9429750e+00 
2.1370001e+00 2.9482844e+00 
2.1389999e+00 2.9537990e+00 
2.1410000e+00 2.9595182e+00 
2.1429999e+00 2.9654417e+00 
2.1450000e+00 2.9715688e+00 
2.1470001e+00 2.9778991e+00 
2.1489999e+00 2.9844315e+00 
2.1510000e+00 2.9911661e+00 
2.1530001e+00 2.9981019e+00 
2.1550000e+00 3.0052381e+00 
2.1570001e+00 3.0125735e+00 
2.1589999e+00 3.0201077e+00 
2.1610000e+00 3.0278399e+00 
2.1630001e+00 3.0357685e+00 
2.1650000e+00 3.0438931e+00 
2.1670001e+00 3.0522120e+00 
2.1689999e+00 3.0607247e+00 
2.1710000e+00 3.0694296e+00 
2.1730001e+00 3.0783255e+00 
2.1750000e+00 3.0874109e+00 
2.1770000e+00 3.0966849e+00 
2.1789999e+00 3.1061456e+00 
2.1810000e+00 3.1157920e+00 
2.1830001e+00 3.1256225e+00 
2.1849999e+00 3.1356356e+00 
2.1870000e+00 3.1458297e+00 
2.1889999e+00 3.1562037e+00 
2.1910000e+00 3.1667557e+00 
2.1930001e+00 3.1774843e+00 
2.1949999e+00 3.1883879e+00 
2.1970000e+00 3.1994648e+00 
2.1989999e+00 3.2107139e+00 
2.2010000e+00 3.2221329e+00 
2.2030001e+00 3.2337210e+00 
2.2049999e+00 3.2454760e+00 
2.2070000e+00 3.2573962e+00 
2.2090001e+00 3.2694800e+00 
2.2110000e+00 3.2817261e+00 
2.2130001e+00 3.2941322e+00 
2.2149999e+00 3.3066974e+00 
2.2170000e+00 3.3194191e+00 
2.2190001e+00 3.3322966e+00 
2.2210000e+00 3.3453279e+00 
2.2230000e+00 3.3585110e+00 
2.2249999e+00 3.3718445e+00 
2.2270000e+00 3.3853269e+00 
2.2290001e+00 3.3989561e+00 
2.2309999e+00 3.4127307e+00 
2.2330000e+00 3.4266491e+00 
2.2349999e+00 3.4407096e+00 
2.2370000e+00 3.4549103e+00 
2.2390001e+00 3.4692502e+00 
2.2409999e+00 3.4837272e+00 
2.2430000e+00 3.4983399e+00 
2.2449999e+00 3.5130863e+00 
2.2470000e+00 3.5279653e+00 
2.2490001e+00 3.5429752e+00 
2.2509999e+00 3.5581143e+00 
2.2530000e+00 3.5733812e+00 
2.2550001e+00 3.5887740e+00 
2.2570000e+00 3.6042914e+00 
2.2590001e+00 3.6199322e+00 
2.2609999e+00 3.6356943e+00 
2.2630000e+00 3.6515763e+00 
2.2650001e+00 3.6675775e+00 
2.2670000e+00 3.6836956e+00 
2.2690001e+00 3.6999295e+00 
2.2709999e+00 3.7162776e+00 
2.2730000e+00 3.7327387e+00 
2.2750001e+00 3.7493112e+00 
2.2770000e+00 3.7659941e+00 
2.2790000e+00 3.7827854e+00 
2.2809999e+00 3.7996845e+00 
2.2830000e+00 3.8166893e+00 
2.2850001e+00 3.8337991e+00 
2.2869999e+00 3.8510122e+00 
2.2890000e+00 3.8683276e+00 
2.2909999e+00 3.8857436e+00 
2.2930000e+00 3.9032595e+00 
2.2950001e+00 3.9208736e+00 
2.2969999e+00 3.9385850e+00 
2.2990000e+00 3.9563923e+00 
2.3010001e+00 3.9742942e+00 
2.3030000e+00 3.9922898e+00 
2.3050001e+00 4.0103779e+00 
2.3069999e+00 4.0285573e+00 
2.3090000e+00 4.0468273e+00 
2.3110001e+00 4.0651855e+00 
2.3130000e+00 4.0836320e+00 
2.3150001e+00 4.1021652e+00 
2.3169999e+00 4.1207843e+00 
2.3190000e+00 4.1394882e+00 
2.3210001e+00 4.1582751e+00 
2.3230000e+00 4.1771450e+00 
2.3250000e+00 4.1960974e+00 
2.3269999e+00 4.2151294e+00 
2.3290000e+00 4.2342410e+00 
2.3310001e+00 4.2534313e+00 
2.3329999e+00 4.2726994e+00 
2.3350000e+00 4.2920437e+00 
2.3369999e+00 4.3114643e+00 
2.3390000e+00 4.3309593e+00 
2.3410001e+00 4.3505287e+00 
2.3429999e+00 4.3701706e+00 
2.3450000e+00 4.3898849e+00 
2.3469999e+00 4.4096699e+00 
2.3490000e+00 4.4295259e+00 
2.3510001e+00 4.4494514e+00 
2.3529999e+00 4.4694448e+00 
2.3550000e+00 4.4895072e+00 
2.3570001e+00 4.5096364e+00 
2.3590000e+00 4.5298309e+00 
2.3610001e+00 4.5500917e+00 
2.3629999e+00 4.5704169e+00 
2.3650000e+00 4.5908060e+00 
2.3670001e+00 4.6112585e+00 
2.3690000e+00 4.6317730e+00 
2.3710001e+00 4.6523499e+00 
2.3729999e+00 4.6729870e+00 
2.3750000e+00 4.6936841e+00 
2.3770001e+00 4.7144413e+00 
2.3789999e+00 4.7352571e+00 
2.3810000e+00 4.7561307e+00 
2.3829999e+00 4.7770624e+00 
2.3850000e+00 4.7980504e+00 
2.3870001e+00 4.8190947e+00 
2.3889999e+00 4.8401942e+00 
2.3910000e+00 4.8613486e+00 
2.3929999e+00 4.8825574e+00 
2.3950000e+00 4.9038196e+00 
2.3970001e+00 4.9251347e+00 
2.3989999e+00 4.9465017e+00 
2.4010000e+00 4.9679208e+00 
2.4030001e+00 4.9893918e+00 
2.4050000e+00 5.0109124e+00 
2.4070001e+00 5.0324831e+00 
2.4089999e+00 5.0541039e+00 
2.4110000e+00 5.0757728e+00 
2.4130001e+00 5.0974903e+00 
2.4150000e+00 5.1192555e+00 
2.4170001e+00 5.1410685e+00 
2.4189999e+00 5.1629276e+00 
2.4210000e+00 5.1848335e+00 
2.4230001e+00 5.2067847e+00 
2.4250000e+00 5.2287812e+00 
2.4270000e+00 5.2508221e+00 
2.4289999e+00 5.2729082e+00 
2.4310000e+00 5.2950373e+00 
2.4330001e+00 5.3172097e+00 
2.4349999e+00 5.3394251e+00 
2.4370000e+00 5.3616829e+00 
2.4389999e+00 5.3839822e+00 
2.4410000e+00 5.4063234e+00 
2.4430001e+00 5.4287052e+00 
2.4449999e+00 5.4511280e+00 
2.4470000e+00 5.4735904e+00 
2.4489999e+00 5.4960933e+00 
2.4510000e+00 5.5186348e+00 
2.4530001e+00 5.5412154e+00 
2.4549999e+00 5.5638347e+00 
2.4570000e+00 5.5864916e+00 
2.4590001e+00 5.6091862e+00 
2.4610000e+00 5.6319184e+00 
2.4630001e+00 5.6546874e+00 
2.4649999e+00 5.6774926e+00 
2.4670000e+00 5.7003345e+00 
2.4690001e+00 5.7232118e+00 
2.4710000e+00 5.7461247e+00 
2.4730000e+00 5.7690725e+00 
2.4749999e+00 5.7920547e+00 
2.4770000e+00 5.8150716e+00 
2.4790001e+00 5.8381224e+00 
2.4809999e+00 5.8612065e+00 
2.4830000e+00 5.8843236e+00 
2.4849999e+00 5.9074745e+00 
2.4870000e+00 5.9306574e+00 
2.4890001e+00 5.9538732e+00 
2.4909999e+00 5.9771204e+00 
2.4930000e+00 6.0003991e+00 
2.4949999e+00 6.0237098e+00 
2.4970000e+00 6.0470510e+00 
2.4990001e+00 6.0704231e+00 
2.5009999e+00 6.0938258e+00 
2.5030000e+00 6.1172581e+00 
2.5050001e+00 6.1407204e+00 
2.5070000e+00 6.1642127e+00 
2.5090001e+00 6.1877337e+00 
2.5109999e+00 6.2112842e+00 
2.5130000e+00 6.2348628e+00 
2.5150001e+00 6.2584705e+00 
2.5170000e+00 6.2821059e+00 
2.5190001e+00 6.3057690e+00 
2.5209999e+00 6.3294601e+00 
2.5230000e+00 6.3531785e+00 
2.5250001e+00 6.3769245e+00 
2.5270000e+00 6.4006963e+00 
2.5290000e+00 6.4244957e+00 
2.5309999e+00 6.4483209e+00 
2.5330000e+00 6.4721727e+00 
2.5350001e+00 6.4960499e+00 
2.5369999e+00 6.5199528e+00 
2.5390000e+00 6.5438814e+00 
2.5409999e+00 6.5678349e+00 
2.5430000e+00 6.5918131e+00 
2.5450001e+00 6.6158166e+00 
2.5469999e+00 6.6398444e+00 
2.5490000e+00 6.6638961e+00 
2.5510001e+00 6.6879721e+00 
2.5530000e+00 6.7120719e+00 
2.5550001e+00 6.7361956e+00 
2.5569999e+00 6.7603426e+00 
2.5590000e+00 6.7845120e+00 
2.5610001e+00 6.8087058e+00 
2.5630000e+00 6.8329215e+00 
2.5650001e+00 6.8571596e+00 
2.5669999e+00 6.8814206e+00 
2.5690000e+00 6.9057040e+00 
2.5710001e+00 6.9300084e+00 
2.5730000e+00 6.9543357e+00 
2.5750000e+00 6.9786839e+00 
2.5769999e+00 7.0030541e+00 
2.5790000e+00 7.0274453e+00 
2.5810001e+00 7.0518575e+00 
2.5829999e+00 7.0762911e+00 
2.5850000e+00 7.1007447e+00 
2.5869999e+00 7.1252193e+00 
2.5890000e+00 7.1497140e+00 
2.5910001e+00 7.1742291e+00 
2.5929999e+00 7.1987643e+00 
2.5950000e+00 7.2233191e+00 
2.5969999e+00 7.2478943e+00 
2.5990000e+00 7.2724881e+00 
2.6010001e+00 7.2971020e+00 
2.6029999e+00 7.3217344e+00 
2.6050000e+00 7.3463864e+00 
2.6070001e+00 7.3710575e+00 
2.6090000e+00 7.3957467e+00 
2.6110001e+00 7.4204545e+00 
2.6129999e+00 7.4451814e+00 
2.6150000e+00 7.4699259e+00 
2.6170001e+00 7.4946890e+00 
2.6190000e+00 7.5194697e+00 
2.6210001e+00 7.5442686e+00 
2.6229999e+00 7.5690846e+00 
2.6250000e+00 7.5939193e+00 
2.6270001e+00 7.6187706e+00 
2.6289999e+00 7.6436391e+00 
2.6310000e+00 7.6685252e+00 
2.6329999e+00 7.6934280e+00 
2.6350000e+00 7.7183480e+00 
2.6370001e+00 7.7432847e+00 
2.6389999e+00 7.7682381e+00 
2.6410000e+00 7.7932076e+00 
2.6429999e+00 7.8181930e+00 
2.6450000e+00 7.8431954e+00 
2.6470001e+00 7.8682146e+00 
2.6489999e+00 7.8932486e+00 
2.6510000e+00 7.9182992e+00 
2.6530001e+00 7.9433646e+00 
2.6550000e+00 7.9684463e+00 
2.6570001e+00 7.9935436e+00 
2.6589999e+00 8.0186558e+00 
2.6610000e+00 8.0437841e+00 
2.6630001e+00 8.0689268e+00 
2.6650000e+00 8.0940847e+00 
2.6670001e+00 8.1192570e+00 
2.6689999e+00 8.1444454e+00 
2.6710000e+00 8.1696482e+00 
2.6730001e+00 8.1948643e+00 
2.6750000e+00 8.2200966e+00 
2.6770000e+00 8.2453423e+00 
2.6789999e+00 8.2706022e+00 
2.6810000e+00 8.2958765e+00 
2.6830001e+00 8.3211651e+00 
2.6849999e+00 8.3464670e+00 
2.6870000e+00 8.3717842e+00 
2.6889999e+00 8.3971148e+00 
2.6910000e+00 8.4224577e+00 
2.6930001e+00 8.4478149e+00 
2.6949999e+00 8.4731855e+00 
2.6970000e+00 8.4985695e+00 
2.6989999e+00 8.5239668e+00 
2.7010000e+00 8.5493784e+00 
2.7030001e+00 8.5748014e+00 
2.7049999e+00 8.6002388e+00 
2.7070000e+00 8.6256876e+00 
2.7090001e+00 8.6511507e+00 
2.7110000e+00 8.6766262e+00 
2.7130001e+00 8.7021132e+00 
2.7149999e+00 8.7276134e+00 
2.7170000e+00 8.7531261e+00 
2.7190001e+00 8.7786522e+00 
2.7210000e+00 8.8041887e+00 
2.7230000e+00 8.8297386e+00 
2.7249999e+00 8.8553009e+00 
2.7270000e+00 8.8808746e+00 
2.7290001e+00 8.9064608e+00 
2.7309999e+00 8.9320574e+00 
2.7330000e+00 8.9576674e+00 
2.7349999e+00 8.9832888e+00 
2.7370000e+00 9.0089216e+00 
2.7390001e+00 9.0345659e+00 
2.7409999e+00 9.0602217e+00 
2.7430000e+00 9.0858889e+00 
2.7449999e+00 9.1115675e+00 
2.7470000e+00 9.1372576e+00 
2.7490001e+00 9.1629591e+00 
2.7509999e+00 9.1886711e+00 
2.7530000e+00 9.2143936e+00 
2.7550001e+00 9.2401285e+00 
2.7570000e+00 9.2658730e+00 
2.7590001e+00 9.2916288e+00 
2.7609999e+00 9.3173952e+00 
2.7630000e+00 9.3431721e+00 
2.7650001e+00 9.3689594e+00 
2.7670000e+00 9.3947582e+00 
2.7690001e+00 9.4205675e+00 
2.7709999e+00 9.4463863e+00 
2.7730000e+00 9.4722166e+00 
2.7750001e+00 9.4980564e+00 
2.7770000e+00 9.5239058e+00 
2.7790000e+00 9.5497656e+00 
2.7809999e+00 9.5756359e+00 
2.7830000e+00 9.6015167e+00 
2.7850001e+00 9.6274061e+00 
2.7869999e+00 9.6533070e+00 
2.7890000e+00 9.6792173e+00 
2.7909999e+00 9.7051363e+00 
2.7930000e+00 9.7310658e+00 
2.7950001e+00 9.7570047e+00 
2.7969999e+00 9.7829533e+00 
2.7990000e+00 9.8089123e+00 
2.8010001e+00 9.8348789e+00 
2.8030000e+00 9.8608561e+00 
2.8050001e+00 9.8868418e+00 
2.8069999e+00 9.9128380e+00 
2.8090000e+00 9.9388428e+00 
2.8110001e+00 9.9648571e+00 
2.8130000e+00 9.9908800e+00 
2.8150001e+00 1.0016912e+01 
2.8169999e+00 1.0042953e+01 
2.8190000e+00 1.0069003e+01 
2.8210001e+00 1.0095062e+01 
2.8230000e+00 1.0121130e+01 
2.8250000e+00 1.0147207e+01 
2.8269999e+00 1.0173293e+01 
2.8290000e+00 1.0199387e+01 
2.8310001e+00 1.0225490e+01 
2.8329999e+00 1.0251601e+01 
2.8350000e+00 1.0277721e+01 
2.8369999e+00 1.0303849e+01 
2.8390000e+00 1.0329986e+01 
2.8410001e+00 1.0356131e+01 
2.8429999e+00 1.0382284e+01 
2.8450000e+00 1.0408446e+01 
2.8469999e+00 1.0434616e+01 
2.8490000e+00 1.0460794e+01 
2.8510001e+00 1.0486981e+01 
2.8529999e+00 1.0513176e+01 
2.8550000e+00 1.0539378e+01 
2.8570001e+00 1.0565589e+01 
2.8590000e+00 1.0591807e+01 
2.8610001e+00 1.0618033e+01 
2.8629999e+00 1.0644268e+01 
2.8650000e+00 1.0670510e+01 
2.8670001e+00 1.0696760e+01 
2.8690000e+00 1.0723018e+01 
2.8710001e+00 1.0749283e+01 
2.8729999e+00 1.0775557e+01 
2.8750000e+00 1.0801837e+01 
2.8770001e+00 1.0828125e+01 
2.8789999e+00 1.0854422e+01 
2.8810000e+00 1.0880724e+01 
2.8829999e+00 1.0907034e+01 
2.8850000e+00 1.0933352e+01 
2.8870001e+00 1.0959679e+01 
2.8889999e+00 1.0986011e+01 
2.8910000e+00 1.1012350e+01 
2.8929999e+00 1.1038698e+01 
2.8950000e+00 1.1065052e+01 
2.8970001e+00 1.1091413e+01 
2.8989999e+00 1.1117783e+01 
2.9010000e+00 1.1144158e+01 
2.9030001e+00 1.1170541e+01 
2.9050000e+00 1.1196931e+01 
2.9070001e+00 1.1223328e+01 
2.9089999e+00 1.1249731e+01 
2.9110000e+00 1.1276142e+01 
2.9130001e+00 1.1302559e+01 
2.9150000e+00 1.1328983e+01 
2.9170001e+00 1.1355414e+01 
2.9189999e+00 1.1381852e+01 
2.9210000e+00 1.1408297e+01 
2.9221001e+00 1.1422844e+01 
2.9240999e+00 1.1397256e+01 
2.9261000e+00 1.1370495e+01 
2.9281001e+00 1.1342598e+01 
2.9301000e+00 1.1313601e+01 
2.9321001e+00 1.1283537e+01 
2.9340999e+00 1.1252443e+01 
2.9361000e+00 1.1220359e+01 
2.9381001e+00 1.1187320e+01 
2.9401000e+00 1.1153363e+01 
2.9421000e+00 1.1118528e+01 
2.9440999e+00 1.1082855e+01 
2.9461000e+00 1.1046380e+01 
2.9481001e+00 1.1009145e+01 
2.9500999e+00 1.0971188e+01 
2.9521000e+00 1.0932549e+01 
2.9540999e+00 1.0893271e+01 
2.9561000e+00 1.0853393e+01 
2.9581001e+00 1.0812955e+01 
2.9600999e+00 1.0771998e+01 
2.9621000e+00 1.0730564e+01 
2.9640999e+00 1.0688692e+01 
2.9661000e+00 1.0646426e+01 
2.9681001e+00 1.0603806e+01 
2.9700999e+00 1.0560872e+01 
2.9721000e+00 1.0517665e+01 
2.9741001e+00 1.0474227e+01 
2.9761000e+00 1.0430597e+01 
2.9781001e+00 1.0386817e+01 
2.9800999e+00 1.0342926e+01 
2.9821000e+00 1.0298963e+01 
2.9841001e+00 1.0254967e+01 
2.9861000e+00 1.0210979e+01 
2.9881001e+00 1.0167033e+01 
2.9900999e+00 1.0123171e+01 
2.9921000e+00 1.0079428e+01 
2.9941001e+00 1.0035839e+01 
2.9960999e+00 9.9924412e+00 
2.9981000e+00 9.9492674e+00 
3.0000999e+00 9.9063540e+00 
3.0021000e+00 9.8637314e+00 
3.0041001e+00 9.8214331e+00 
3.0060999e+00 9.7794876e+00 
3.0081000e+00 9.7379265e+00 
3.0100999e+00 9.6967783e+00 
3.0121000e+00 9.6560678e+00 
3.0141001e+00 9.6158237e+00 
3.0160999e+00 9.5760679e+00 
3.0181000e+00 9.5368261e+00 
3.0201001e+00 9.4981174e+00 
3.0221000e+00 9.4599638e+00 
3.0241001e+00 9.4223833e+00 
3.0260999e+00 9.3853922e+00 
3.0281000e+00 9.3490067e+00 
3.0301001e+00 9.3132401e+00 
3.0321000e+00 9.2781038e+00 
3.0341001e+00 9.2436085e+00 
3.0360999e+00 9.2097626e+00 
3.0381000e+00 9.1765728e+00 
3.0401001e+00 9.1440439e+00 
3.0421000e+00 9.1121778e+00 
3.0441000e+00 9.0809765e+00 
3.0460999e+00 9.0504389e+00 
3.0481000e+00 9.0205631e+00 
3.0501001e+00 8.9913425e+00 
3.0520999e+00 8.9627733e+00 
3.0541000e+00 8.9348459e+00 
3.0560999e+00 8.9075508e+00 
3.0581000e+00 8.8808756e+00 
3.0601001e+00 8.8548069e+00 
3.0620999e+00 8.8293285e+00 
3.0641000e+00 8.8044233e+00 
3.0660999e+00 8.7800751e+00 
3.0681000e+00 8.7562599e+00 
3.0701001e+00 8.7329578e+00 
3.0720999e+00 8.7101450e+00 
3.0741000e+00 8.6877947e+00 
3.0761001e+00 8.6658831e+00 
3.0781000e+00 8.6443796e+00 
3.0801001e+00 8.6232567e+00 
3.0820999e+00 8.6024828e+00 
3.0841000e+00 8.5820274e+00 
3.0861001e+00 8.5618572e+00 
3.0881000e+00 8.5419369e+00 
3.0901000e+00 8.5222340e+00 
3.0920999e+00 8.5027103e+00 
3.0941000e+00 8.4833317e+00 
3.0961001e+00 8.4640589e+00 
3.0980999e+00 8.4448538e+00 
3.1001000e+00 8.4256792e+00 
3.1020999e+00 8.4064951e+00 
3.1041000e+00 8.3872604e+00 
3.1061001e+00 8.3679361e+00 
3.1080999e+00 8.3484831e+00 
3.1101000e+00 8.3288565e+00 
3.1120999e+00 8.3090210e+00 
3.1141000e+00 8.2889299e+00 
3.1161001e+00 8.2685461e+00 
3.1180999e+00 8.2478266e+00 
3.1201000e+00 8.2267303e+00 
3.1221001e+00 8.2052164e+00 
3.1241000e+00 8.1832447e+00 
3.1261001e+00 8.1607733e+00 
3.1280999e+00 8.1377630e+00 
3.1301000e+00 8.1141729e+00 
3.1321001e+00 8.0899649e+00 
3.1341000e+00 8.0650978e+00 
3.1361001e+00 8.0395346e+00 
3.1380999e+00 8.0132360e+00 
3.1401000e+00 7.9861655e+00 
3.1421001e+00 7.9582844e+00 
3.1441000e+00 7.9295588e+00 
3.1461000e+00 7.8999510e+00 
3.1480999e+00 7.8694263e+00 
3.1501000e+00 7.8379512e+00 
3.1521001e+00 7.8054924e+00 
3.1540999e+00 7.7720160e+00 
3.1561000e+00 7.7374911e+00 
3.1580999e+00 7.7018862e+00 
3.1601000e+00 7.6651721e+00 
3.1621001e+00 7.6273184e+00 
3.1640999e+00 7.5882974e+00 
3.1661000e+00 7.5480824e+00 
3.1681001e+00 7.5066452e+00 
3.1701000e+00 7.4639616e+00 
3.1721001e+00 7.4200063e+00 
3.1740999e+00 7.3747563e+00 
3.1761000e+00 7.3281889e+00 
3.1781001e+00 7.2802825e+00 
3.1795001e+00 7.2459402e+00 
3.1845000e+00 7.0304756e+00 
3.1895001e+00 6.8150806e+00 
3.1945000e+00 6.5997601e+00 
3.1995001e+00 6.3845181e+00 
3.2045000e+00 6.1693592e+00 
3.2095001e+00 5.9542890e+00 
3.2145000e+00 5.7393126e+00 
3.2195001e+00 5.5244365e+00 
3.2244999e+00 5.3096681e+00 
3.2295001e+00 5.0950150e+00 
3.2344999e+00 4.8804851e+00 
3.2395000e+00 4.6660895e+00 
3.2444999e+00 4.4518385e+00 
3.2495000e+00 4.2377439e+00 
3.2544999e+00 4.0238214e+00 
3.2595000e+00 3.8100865e+00 
3.2644999e+00 3.5965588e+00 
3.2695000e+00 3.3832600e+00 
3.2744999e+00 3.1702170e+00 
3.2795000e+00 2.9574618e+00 
3.2844999e+00 2.7450335e+00 
3.2895000e+00 2.5329807e+00 
3.2945001e+00 2.3213639e+00 
3.2995000e+00 2.1102622e+00 
3.3045001e+00 1.8997802e+00 
3.3095000e+00 1.6900624e+00 
3.3145001e+00 1.4813176e+00 
3.3195000e+00 1.2738645e+00 
3.3245001e+00 1.0682310e+00 
3.3295000e+00 8.6538929e-01 
3.3345001e+00 6.6739959e-01 
3.3395000e+00 4.7953862e-01 
3.3433599e+00 3.5118109e-01 
