Position  
5.0000000e-03 1.0000000e+02 
1.0000000e-02 1.0000000e+02 
1.5000000e-02 1.0000000e+02 
2.0000000e-02 1.0000000e+02 
2.5000000e-02 1.0000000e+02 
3.0000000e-02 1.0000000e+02 
3.5000000e-02 1.0000000e+02 
4.0000000e-02 1.0000000e+02 
4.5000000e-02 1.0000000e+02 
5.0000000e-02 1.0000000e+02 
5.5000000e-02 1.0000000e+02 
6.0000000e-02 1.0000000e+02 
6.5000000e-02 1.0000000e+02 
7.0000000e-02 1.0000000e+02 
7.5000000e-02 1.0000000e+02 
8.0000000e-02 1.0000000e+02 
8.5000000e-02 1.0000000e+02 
9.0000000e-02 1.0000000e+02 
9.5000000e-02 1.0000000e+02 
1.0000000e-01 1.0000000e+02 
1.0500000e-01 1.0000000e+02 
1.1000000e-01 1.0000000e+02 
1.1500000e-01 1.0000000e+02 
1.2000000e-01 1.0000000e+02 
1.2500000e-01 1.0000000e+02 
1.3000000e-01 1.0000000e+02 
1.3500000e-01 1.0000000e+02 
1.4000000e-01 1.0000000e+02 
1.4500000e-01 1.0000000e+02 
1.5000000e-01 1.0000000e+02 
1.5500000e-01 1.0000000e+02 
1.6000000e-01 1.0000000e+02 
1.6500000e-01 1.0000000e+02 
1.7000000e-01 1.0000000e+02 
1.7500000e-01 1.0000000e+02 
1.8000000e-01 1.0000000e+02 
1.8500000e-01 1.0000000e+02 
1.9000000e-01 1.0000000e+02 
1.9500000e-01 1.0000000e+02 
2.0000000e-01 1.0000000e+02 
2.0500000e-01 1.0000000e+02 
2.0800000e-01 1.0000000e+02 
2.0900000e-01 1.0000000e+02 
2.1000000e-01 1.0000000e+02 
2.1100000e-01 1.0000000e+02 
2.1200000e-01 1.0000000e+02 
2.1300000e-01 1.0000000e+02 
2.1400000e-01 1.0000000e+02 
2.1500000e-01 1.0000000e+02 
2.1600000e-01 1.0000000e+02 
2.1700000e-01 1.0000000e+02 
2.1800000e-01 1.0000000e+02 
2.1900000e-01 1.0000000e+02 
2.2000000e-01 1.0000000e+02 
2.2100000e-01 1.0000000e+02 
2.2200000e-01 1.0000000e+02 
2.2300000e-01 1.0000000e+02 
2.2400000e-01 1.0000000e+02 
2.2500000e-01 1.0000000e+02 
2.2600000e-01 1.0000000e+02 
2.2700000e-01 1.0000000e+02 
2.2800000e-01 1.0000000e+02 
2.2900000e-01 1.0000000e+02 
2.3000000e-01 1.0000000e+02 
2.3100000e-01 1.0000000e+02 
2.3200000e-01 1.0000000e+02 
2.3300000e-01 1.0000000e+02 
2.3400000e-01 1.0000000e+02 
2.3500000e-01 1.0000000e+02 
2.3600000e-01 1.0000000e+02 
2.3700000e-01 1.0000000e+02 
2.3800000e-01 1.0000000e+02 
2.3900000e-01 1.0000000e+02 
2.4000000e-01 1.0000000e+02 
2.4100000e-01 1.0000000e+02 
2.4200000e-01 1.0000000e+02 
2.4300000e-01 1.0000000e+02 
2.4400000e-01 1.0000000e+02 
2.4500000e-01 1.0000000e+02 
2.4600000e-01 1.0000000e+02 
2.4700000e-01 1.0000000e+02 
2.4800000e-01 1.0000000e+02 
2.4900000e-01 1.0000000e+02 
2.5000000e-01 1.0000000e+02 
2.5100000e-01 1.0000000e+02 
2.5200000e-01 1.0000000e+02 
2.5300000e-01 1.0000000e+02 
2.5400000e-01 1.0000000e+02 
2.5500000e-01 1.0000000e+02 
2.5600000e-01 1.0000000e+02 
2.5700000e-01 1.0000000e+02 
2.5800000e-01 1.0000000e+02 
2.5900000e-01 1.0000000e+02 
2.6000000e-01 1.0000000e+02 
2.6100000e-01 1.0000000e+02 
2.6200000e-01 1.0000000e+02 
2.6300000e-01 1.0000000e+02 
2.6400000e-01 1.0000000e+02 
2.6500000e-01 1.0000000e+02 
2.6600000e-01 1.0000000e+02 
2.6700000e-01 1.0000000e+02 
2.6800000e-01 1.0000000e+02 
2.6900000e-01 1.0000000e+02 
2.7000000e-01 1.0000000e+02 
2.7100000e-01 1.0000000e+02 
2.7200000e-01 1.0000000e+02 
2.7300000e-01 1.0000000e+02 
2.7400000e-01 1.0000000e+02 
2.7500000e-01 1.0000000e+02 
2.7600000e-01 1.0000000e+02 
2.7700000e-01 1.0000000e+02 
2.7800000e-01 1.0000000e+02 
2.7900000e-01 1.0000000e+02 
2.8000000e-01 1.0000000e+02 
2.8100000e-01 1.0000000e+02 
2.8200000e-01 1.0000000e+02 
2.8300000e-01 1.0000000e+02 
2.8400000e-01 1.0000000e+02 
2.8500000e-01 1.0000000e+02 
2.8600000e-01 1.0000000e+02 
2.8700000e-01 1.0000000e+02 
2.8800000e-01 1.0000000e+02 
2.8900000e-01 1.0000000e+02 
2.9000000e-01 1.0000000e+02 
2.9100000e-01 1.0000000e+02 
2.9200000e-01 1.0000000e+02 
2.9300000e-01 1.0000000e+02 
2.9400000e-01 1.0000000e+02 
2.9500000e-01 1.0000000e+02 
2.9600000e-01 1.0000000e+02 
2.9700000e-01 1.0000000e+02 
2.9800000e-01 1.0000000e+02 
2.9900000e-01 1.0000000e+02 
3.0000000e-01 1.0000000e+02 
3.0100000e-01 1.0000000e+02 
3.0200000e-01 1.0000000e+02 
3.0300000e-01 1.0000000e+02 
3.0400000e-01 1.0000000e+02 
3.0500000e-01 1.0000000e+02 
3.0600000e-01 1.0000000e+02 
3.0700000e-01 1.0000000e+02 
3.0800000e-01 1.0000000e+02 
3.0900000e-01 1.0000000e+02 
3.1000000e-01 1.0000000e+02 
3.1100000e-01 1.0000000e+02 
3.1200000e-01 1.0000000e+02 
3.1300000e-01 1.0000000e+02 
3.1400000e-01 1.0000000e+02 
3.1500000e-01 1.0000000e+02 
3.1600000e-01 1.0000000e+02 
3.1700000e-01 1.0000000e+02 
3.1800000e-01 1.0000000e+02 
3.1900000e-01 1.0000000e+02 
3.2000000e-01 1.0000000e+02 
3.2100000e-01 1.0000000e+02 
3.2200000e-01 1.0000000e+02 
3.2300000e-01 1.0000000e+02 
3.2400000e-01 1.0000000e+02 
3.2500000e-01 1.0000000e+02 
3.2600000e-01 1.0000000e+02 
3.2700000e-01 1.0000000e+02 
3.2800000e-01 1.0000000e+02 
3.2900000e-01 1.0000000e+02 
3.3000000e-01 1.0000000e+02 
3.3100000e-01 1.0000000e+02 
3.3200000e-01 1.0000000e+02 
3.3300000e-01 1.0000000e+02 
3.3400000e-01 1.0000000e+02 
3.3500000e-01 1.0000000e+02 
3.3600000e-01 1.0000000e+02 
3.3700000e-01 1.0000000e+02 
3.3800000e-01 1.0000000e+02 
3.3900000e-01 1.0000000e+02 
3.4000000e-01 1.0000000e+02 
3.4100000e-01 1.0000000e+02 
3.4200000e-01 1.0000000e+02 
3.4300000e-01 1.0000000e+02 
3.4400000e-01 1.0000000e+02 
3.4500000e-01 1.0000000e+02 
3.4600000e-01 1.0000000e+02 
3.4700000e-01 1.0000000e+02 
3.4800000e-01 1.0000000e+02 
3.4900000e-01 1.0000000e+02 
3.5000000e-01 1.0000000e+02 
3.5100000e-01 1.0000000e+02 
3.5200000e-01 1.0000000e+02 
3.5300000e-01 1.0000000e+02 
3.5400000e-01 1.0000000e+02 
3.5500000e-01 1.0000000e+02 
3.5600000e-01 1.0000000e+02 
3.5700000e-01 1.0000000e+02 
3.5800000e-01 1.0000000e+02 
3.6000000e-01 1.0000000e+02 
3.6200000e-01 1.0000000e+02 
3.6400000e-01 1.0000000e+02 
3.6600000e-01 1.0000000e+02 
3.6800000e-01 1.0000000e+02 
3.7000000e-01 1.0000000e+02 
3.7200000e-01 1.0000000e+02 
3.7400000e-01 1.0000000e+02 
3.7600000e-01 1.0000000e+02 
3.7800000e-01 1.0000000e+02 
3.8000000e-01 1.0000000e+02 
3.8200000e-01 1.0000000e+02 
3.8400000e-01 1.0000000e+02 
3.8600000e-01 1.0000000e+02 
3.8800000e-01 1.0000000e+02 
3.9000000e-01 1.0000000e+02 
3.9200000e-01 1.0000000e+02 
3.9400000e-01 1.0000000e+02 
3.9600000e-01 1.0000000e+02 
3.9800000e-01 1.0000000e+02 
4.0000000e-01 1.0000000e+02 
4.0200000e-01 1.0000000e+02 
4.0400000e-01 1.0000000e+02 
4.0600000e-01 1.0000000e+02 
4.0800000e-01 1.0000000e+02 
4.1000000e-01 1.0000000e+02 
4.1200000e-01 1.0000000e+02 
4.1400000e-01 1.0000000e+02 
4.1600000e-01 1.0000000e+02 
4.1800000e-01 1.0000000e+02 
4.2000000e-01 1.0000000e+02 
4.2200000e-01 1.0000000e+02 
4.2400000e-01 1.0000000e+02 
4.2600000e-01 1.0000000e+02 
4.2800000e-01 1.0000000e+02 
4.3000000e-01 1.0000000e+02 
4.3200000e-01 1.0000000e+02 
4.3400000e-01 1.0000000e+02 
4.3600000e-01 1.0000000e+02 
4.3800000e-01 1.0000000e+02 
4.4000000e-01 1.0000000e+02 
4.4200000e-01 1.0000000e+02 
4.4400000e-01 1.0000000e+02 
4.4600000e-01 1.0000000e+02 
4.4800000e-01 1.0000000e+02 
4.5000000e-01 1.0000000e+02 
4.5200000e-01 1.0000000e+02 
4.5400000e-01 1.0000000e+02 
4.5600000e-01 1.0000000e+02 
4.5800000e-01 1.0000000e+02 
4.6000000e-01 1.0000000e+02 
4.6200000e-01 1.0000000e+02 
4.6400000e-01 1.0000000e+02 
4.6600000e-01 1.0000000e+02 
4.6800000e-01 1.0000000e+02 
4.7000000e-01 1.0000000e+02 
4.7200000e-01 1.0000000e+02 
4.7400000e-01 1.0000000e+02 
4.7600000e-01 1.0000000e+02 
4.7800000e-01 1.0000000e+02 
4.8000000e-01 1.0000000e+02 
4.8200000e-01 1.0000000e+02 
4.8400000e-01 1.0000000e+02 
4.8600000e-01 1.0000000e+02 
4.8800000e-01 1.0000000e+02 
4.9000000e-01 1.0000000e+02 
4.9200000e-01 1.0000000e+02 
4.9400000e-01 1.0000000e+02 
4.9600000e-01 1.0000000e+02 
4.9800000e-01 1.0000000e+02 
4.9800000e-01 1.0000000e+02 
4.9900000e-01 1.0000000e+02 
5.0000000e-01 1.0000000e+02 
5.0100000e-01 1.0000000e+02 
5.0200000e-01 1.0000000e+02 
5.0300000e-01 1.0000000e+02 
5.0400000e-01 1.0000000e+02 
5.0500000e-01 1.0000000e+02 
5.0600000e-01 1.0000000e+02 
5.0700000e-01 1.0000000e+02 
5.0800000e-01 1.0000000e+02 
5.0900000e-01 1.0000000e+02 
5.1000000e-01 1.0000000e+02 
5.1100000e-01 1.0000000e+02 
5.1200000e-01 1.0000000e+02 
5.1300000e-01 1.0000000e+02 
5.1400000e-01 1.0000000e+02 
5.1500000e-01 1.0000000e+02 
5.2000000e-01 1.0000000e+02 
5.2500000e-01 1.0000000e+02 
5.3000000e-01 1.0000000e+02 
5.3500000e-01 1.0000000e+02 
5.4000000e-01 1.0000000e+02 
5.4500000e-01 1.0000000e+02 
5.5000000e-01 1.0000000e+02 
5.5500000e-01 1.0000000e+02 
5.6000000e-01 1.0000000e+02 
5.6500000e-01 1.0000000e+02 
5.7000000e-01 1.0000000e+02 
5.7500000e-01 1.0000000e+02 
5.8000000e-01 1.0000000e+02 
5.8500000e-01 1.0000000e+02 
5.9000000e-01 1.0000000e+02 
5.9500000e-01 1.0000000e+02 
6.0000000e-01 1.0000000e+02 
6.0500000e-01 1.0000000e+02 
6.1000000e-01 1.0000000e+02 
6.1500000e-01 1.0000000e+02 
6.2000000e-01 1.0000000e+02 
6.2500000e-01 1.0000000e+02 
6.3000000e-01 1.0000000e+02 
6.3500000e-01 1.0000000e+02 
6.4000000e-01 1.0000000e+02 
6.4500000e-01 1.0000000e+02 
6.5000000e-01 1.0000000e+02 
6.5500000e-01 1.0000000e+02 
6.6000000e-01 1.0000000e+02 
6.6500000e-01 1.0000000e+02 
6.7000000e-01 1.0000000e+02 
6.7500000e-01 1.0000000e+02 
6.8000000e-01 1.0000000e+02 
6.8500000e-01 1.0000000e+02 
6.9000000e-01 1.0000000e+02 
6.9500000e-01 1.0000000e+02 
7.0000000e-01 1.0000000e+02 
7.0500000e-01 1.0000000e+02 
7.1000000e-01 1.0000000e+02 
7.1500000e-01 1.0000000e+02 
7.2000000e-01 1.0000000e+02 
7.2500000e-01 1.0000000e+02 
7.3000000e-01 1.0000000e+02 
7.3500000e-01 1.0000000e+02 
7.4000000e-01 1.0000000e+02 
7.4500000e-01 1.0000000e+02 
7.5000000e-01 1.0000000e+02 
7.5500000e-01 1.0000000e+02 
7.6000000e-01 1.0000000e+02 
7.6500000e-01 1.0000000e+02 
7.7000000e-01 1.0000000e+02 
7.7500000e-01 1.0000000e+02 
7.8000000e-01 1.0000000e+02 
7.8500000e-01 1.0000000e+02 
7.9000000e-01 1.0000000e+02 
7.9500000e-01 1.0000000e+02 
8.0000000e-01 1.0000000e+02 
8.0500000e-01 1.0000000e+02 
8.1000000e-01 1.0000000e+02 
8.1500000e-01 1.0000000e+02 
8.2000000e-01 1.0000000e+02 
8.2500000e-01 1.0000000e+02 
8.3000000e-01 1.0000000e+02 
8.3500000e-01 1.0000000e+02 
8.4000000e-01 1.0000000e+02 
8.4500000e-01 1.0000000e+02 
8.5000000e-01 1.0000000e+02 
8.5500000e-01 1.0000000e+02 
8.6000000e-01 1.0000000e+02 
8.6500000e-01 1.0000000e+02 
8.7000000e-01 1.0000000e+02 
8.7500000e-01 1.0000000e+02 
8.8000000e-01 1.0000000e+02 
8.8500000e-01 1.0000000e+02 
8.9000000e-01 1.0000000e+02 
8.9500000e-01 1.0000000e+02 
9.0000000e-01 1.0000000e+02 
9.0500000e-01 1.0000000e+02 
9.1000000e-01 1.0000000e+02 
9.1500000e-01 1.0000000e+02 
9.2000000e-01 1.0000000e+02 
9.2500000e-01 1.0000000e+02 
9.3000000e-01 1.0000000e+02 
9.3500000e-01 1.0000000e+02 
9.4000000e-01 1.0000000e+02 
9.4500000e-01 1.0000000e+02 
9.5000000e-01 1.0000000e+02 
9.5500000e-01 1.0000000e+02 
9.6000000e-01 1.0000000e+02 
9.6500000e-01 1.0000000e+02 
9.7000000e-01 1.0000000e+02 
9.7500000e-01 1.0000000e+02 
9.8000000e-01 1.0000000e+02 
9.8500000e-01 1.0000000e+02 
9.9000000e-01 1.0000000e+02 
9.9500000e-01 1.0000000e+02 
1.0000000e+00 1.0000000e+02 
1.0050000e+00 1.0000000e+02 
1.0100000e+00 1.0000000e+02 
1.0150000e+00 1.0000000e+02 
1.0200000e+00 1.0000000e+02 
1.0250000e+00 1.0000000e+02 
1.0300000e+00 1.0000000e+02 
1.0350000e+00 1.0000000e+02 
1.0400000e+00 1.0000000e+02 
1.0450000e+00 1.0000000e+02 
1.0500000e+00 1.0000000e+02 
1.0550000e+00 1.0000000e+02 
1.0600000e+00 1.0000000e+02 
1.0650000e+00 1.0000000e+02 
1.0700000e+00 1.0000000e+02 
1.0750000e+00 1.0000000e+02 
1.0800000e+00 1.0000000e+02 
1.0850000e+00 1.0000000e+02 
1.0900000e+00 1.0000000e+02 
1.0950000e+00 1.0000000e+02 
1.1000000e+00 1.0000000e+02 
1.1050000e+00 1.0000000e+02 
1.1100000e+00 1.0000000e+02 
1.1150000e+00 1.0000000e+02 
1.1200000e+00 1.0000000e+02 
1.1250000e+00 1.0000000e+02 
1.1300000e+00 1.0000000e+02 
1.1350000e+00 1.0000000e+02 
1.1400000e+00 1.0000000e+02 
1.1450000e+00 1.0000000e+02 
1.1500000e+00 1.0000000e+02 
1.1550000e+00 1.0000000e+02 
1.1600000e+00 1.0000000e+02 
1.1650000e+00 1.0000000e+02 
1.1700000e+00 1.0000000e+02 
1.1750000e+00 1.0000000e+02 
1.1800000e+00 1.0000000e+02 
1.1850000e+00 1.0000000e+02 
1.1900000e+00 1.0000000e+02 
1.1950000e+00 1.0000000e+02 
1.2000000e+00 1.0000000e+02 
1.2050000e+00 1.0000000e+02 
1.2100000e+00 1.0000000e+02 
1.2150000e+00 1.0000000e+02 
1.2200000e+00 1.0000000e+02 
1.2200000e+00 8.5663243e+01 
1.2210000e+00 8.5624960e+01 
1.2220000e+00 8.5612199e+01 
1.2220000e+00 8.5535635e+01 
1.2230000e+00 8.5535635e+01 
1.2240000e+00 8.5535635e+01 
1.2240000e+00 8.5535635e+01 
1.2250000e+00 8.5535635e+01 
1.2260000e+00 8.5535635e+01 
1.2260000e+00 8.5535635e+01 
1.2280000e+00 8.5535635e+01 
1.2300000e+00 8.5535635e+01 
1.2320000e+00 8.5535635e+01 
1.2340000e+00 8.5535635e+01 
1.2360000e+00 8.5535635e+01 
1.2380000e+00 8.5535635e+01 
1.2400000e+00 8.5535635e+01 
1.2420000e+00 8.5535635e+01 
1.2440000e+00 8.5535635e+01 
1.2460000e+00 8.5535635e+01 
1.2480000e+00 8.5535635e+01 
1.2500000e+00 8.5535635e+01 
1.2520000e+00 8.5535635e+01 
1.2540000e+00 8.5535635e+01 
1.2560000e+00 8.5535635e+01 
1.2580000e+00 8.5535635e+01 
1.2600000e+00 8.5535635e+01 
1.2620000e+00 8.5535635e+01 
1.2640000e+00 8.5535635e+01 
1.2660000e+00 8.5535635e+01 
1.2680000e+00 8.5535635e+01 
1.2700000e+00 8.5535635e+01 
1.2720000e+00 8.5535635e+01 
1.2740000e+00 8.5535635e+01 
1.2760000e+00 8.5535635e+01 
1.2780000e+00 8.5535635e+01 
1.2800000e+00 8.5535635e+01 
1.2820000e+00 8.5535635e+01 
1.2840000e+00 8.5535635e+01 
1.2860000e+00 8.5535635e+01 
1.2880000e+00 8.5535635e+01 
1.2900000e+00 8.5535635e+01 
1.2920000e+00 8.5535635e+01 
1.2940000e+00 8.5535635e+01 
1.2960000e+00 8.5535635e+01 
1.2980000e+00 8.5535635e+01 
1.3000000e+00 8.5535635e+01 
1.3020000e+00 8.5535635e+01 
1.3040000e+00 8.5535635e+01 
1.3060000e+00 8.5535635e+01 
1.3080000e+00 8.5535635e+01 
1.3100000e+00 8.5535635e+01 
1.3120000e+00 8.5535635e+01 
1.3140000e+00 8.5535635e+01 
1.3160000e+00 8.5535635e+01 
1.3180000e+00 8.5535635e+01 
1.3200000e+00 8.5535635e+01 
1.3220000e+00 8.5535635e+01 
1.3240000e+00 8.5535635e+01 
1.3260000e+00 8.5535635e+01 
1.3280000e+00 8.5535635e+01 
1.3300000e+00 8.5535635e+01 
1.3320000e+00 8.5535635e+01 
1.3340000e+00 8.5535635e+01 
1.3360000e+00 8.5535635e+01 
1.3380000e+00 8.5535635e+01 
1.3400000e+00 8.5535635e+01 
1.3420000e+00 8.5535635e+01 
1.3440000e+00 8.5535635e+01 
1.3460000e+00 8.5535635e+01 
1.3480000e+00 8.5535635e+01 
1.3500000e+00 8.5535635e+01 
1.3520000e+00 8.5535635e+01 
1.3540000e+00 8.5535635e+01 
1.3560000e+00 8.5535635e+01 
1.3580000e+00 8.5535635e+01 
1.3600000e+00 8.5535635e+01 
1.3620000e+00 8.5535635e+01 
1.3640000e+00 8.5535635e+01 
1.3660000e+00 8.5535635e+01 
1.3680000e+00 8.5535635e+01 
1.3700000e+00 8.5535635e+01 
1.3720000e+00 8.5535635e+01 
1.3740000e+00 8.5535635e+01 
1.3760000e+00 8.5535635e+01 
1.3780000e+00 8.5535635e+01 
1.3800000e+00 8.5535635e+01 
1.3820000e+00 8.5535635e+01 
1.3840000e+00 8.5535635e+01 
1.3860000e+00 8.5535635e+01 
1.3880000e+00 8.5535635e+01 
1.3900000e+00 8.5535635e+01 
1.3920000e+00 8.5535635e+01 
1.3940000e+00 8.5535635e+01 
1.3960000e+00 8.5535635e+01 
1.3980000e+00 8.5535635e+01 
1.4000000e+00 8.5535635e+01 
1.4020000e+00 8.5535635e+01 
1.4040000e+00 8.5535635e+01 
1.4060000e+00 8.5535635e+01 
1.4080000e+00 8.5535635e+01 
1.4100000e+00 8.5535635e+01 
1.4120000e+00 8.5535635e+01 
1.4140000e+00 8.5535635e+01 
1.4160000e+00 8.5535635e+01 
1.4180000e+00 8.5535635e+01 
1.4200000e+00 8.5535635e+01 
1.4220000e+00 8.5535635e+01 
1.4240000e+00 8.5535635e+01 
1.4260000e+00 8.5535635e+01 
1.4280000e+00 8.5535635e+01 
1.4300000e+00 8.5535635e+01 
1.4320000e+00 8.5535635e+01 
1.4340000e+00 8.5535635e+01 
1.4360000e+00 8.5535635e+01 
1.4380000e+00 8.5535635e+01 
1.4400000e+00 8.5535635e+01 
1.4420000e+00 8.5535635e+01 
1.4440000e+00 8.5535635e+01 
1.4460000e+00 8.5535635e+01 
1.4480000e+00 8.5535635e+01 
1.4500000e+00 8.5535635e+01 
1.4520000e+00 8.5535635e+01 
1.4540000e+00 8.5535635e+01 
1.4560000e+00 8.5535635e+01 
1.4580000e+00 8.5535635e+01 
1.4600000e+00 8.5535635e+01 
1.4620000e+00 8.5535635e+01 
1.4640000e+00 8.5535635e+01 
1.4660000e+00 8.5535635e+01 
1.4680000e+00 8.5535635e+01 
1.4700000e+00 8.5535635e+01 
1.4720000e+00 8.5535635e+01 
1.4740000e+00 8.5535635e+01 
1.4760000e+00 8.5535635e+01 
1.4780000e+00 8.5535635e+01 
1.4800000e+00 8.5535635e+01 
1.4820000e+00 8.5535635e+01 
1.4840000e+00 8.5535635e+01 
1.4860000e+00 8.5535635e+01 
1.4880000e+00 8.5535635e+01 
1.4900000e+00 8.5535635e+01 
1.4920000e+00 8.5535635e+01 
1.4940000e+00 8.5535635e+01 
1.4960000e+00 8.5535635e+01 
1.4980000e+00 8.5535635e+01 
1.5000000e+00 8.5535635e+01 
1.5020000e+00 8.5535635e+01 
1.5040000e+00 8.5535635e+01 
1.5060000e+00 8.5535635e+01 
1.5080000e+00 8.5535635e+01 
1.5100000e+00 8.5535635e+01 
1.5120000e+00 8.5535635e+01 
1.5140000e+00 8.5535635e+01 
1.5160000e+00 8.5535635e+01 
1.5180000e+00 8.5535635e+01 
1.5200000e+00 8.5535635e+01 
1.5220000e+00 8.5535635e+01 
1.5240000e+00 8.5535635e+01 
1.5260000e+00 8.5535635e+01 
1.5280000e+00 8.5535635e+01 
1.5300000e+00 8.5535635e+01 
1.5320000e+00 8.5535635e+01 
1.5340000e+00 8.5535635e+01 
1.5360000e+00 8.5535635e+01 
1.5380000e+00 8.5535635e+01 
1.5400000e+00 8.5535635e+01 
1.5420000e+00 8.5535635e+01 
1.5440000e+00 8.5535635e+01 
1.5460000e+00 8.5535635e+01 
1.5480000e+00 8.5535635e+01 
1.5520000e+00 8.5535635e+01 
1.5560000e+00 8.5535635e+01 
1.5600000e+00 8.5535635e+01 
1.5640000e+00 8.5535635e+01 
1.5680000e+00 8.5535635e+01 
1.5720000e+00 8.5535635e+01 
1.5760000e+00 8.5535635e+01 
1.5800000e+00 8.5535635e+01 
1.5840000e+00 8.5535635e+01 
1.5880000e+00 8.5535635e+01 
1.5920000e+00 8.5535635e+01 
1.5960000e+00 8.5535635e+01 
1.6000000e+00 8.5535635e+01 
1.6040000e+00 8.5535635e+01 
1.6080000e+00 8.5535635e+01 
1.6120000e+00 8.5535635e+01 
1.6160000e+00 8.5535635e+01 
1.6200000e+00 8.5535635e+01 
1.6240000e+00 8.5535635e+01 
1.6280000e+00 8.5535635e+01 
1.6320000e+00 8.5535635e+01 
1.6360000e+00 8.5535635e+01 
1.6400000e+00 8.5535635e+01 
1.6420000e+00 8.5535635e+01 
1.6440000e+00 8.5535635e+01 
1.6460000e+00 8.5535635e+01 
1.6480000e+00 8.5535635e+01 
1.6500000e+00 8.5535635e+01 
1.6520000e+00 8.5535635e+01 
1.6540000e+00 8.5535635e+01 
1.6560000e+00 8.5535635e+01 
1.6580000e+00 8.5535635e+01 
1.6600000e+00 8.5535635e+01 
1.6620000e+00 8.5535635e+01 
1.6640000e+00 8.5535635e+01 
1.6660000e+00 8.5535635e+01 
1.6680000e+00 8.5535635e+01 
1.6700000e+00 8.5535635e+01 
1.6720000e+00 8.5535635e+01 
1.6740000e+00 8.5535635e+01 
1.6760000e+00 8.5535635e+01 
1.6780000e+00 8.5535635e+01 
1.6800000e+00 8.5535635e+01 
1.6820000e+00 8.5535635e+01 
1.6840000e+00 8.5535635e+01 
1.6860000e+00 8.5535635e+01 
1.6880000e+00 8.5535635e+01 
1.6900000e+00 8.5535635e+01 
1.6920000e+00 8.5535635e+01 
1.6940000e+00 8.5535635e+01 
1.6960000e+00 8.5535635e+01 
1.6980000e+00 8.5535635e+01 
1.7000000e+00 8.5535635e+01 
1.7020000e+00 8.5535635e+01 
1.7040000e+00 8.5535635e+01 
1.7060000e+00 8.5535635e+01 
1.7080000e+00 8.5535635e+01 
1.7100000e+00 8.5535635e+01 
1.7120000e+00 8.5535635e+01 
1.7140000e+00 8.5535635e+01 
1.7160000e+00 8.5535635e+01 
1.7180000e+00 8.5535635e+01 
1.7200000e+00 8.5535635e+01 
1.7220000e+00 8.5535635e+01 
1.7240000e+00 8.5535635e+01 
1.7260000e+00 8.5535635e+01 
1.7280000e+00 8.5535635e+01 
1.7300000e+00 8.5535635e+01 
1.7320000e+00 8.5535635e+01 
1.7340000e+00 8.5535635e+01 
1.7360000e+00 8.5535635e+01 
1.7380000e+00 8.5535635e+01 
1.7400000e+00 8.5535635e+01 
1.7420000e+00 8.5535635e+01 
1.7440000e+00 8.5535635e+01 
1.7460000e+00 8.5535635e+01 
1.7480000e+00 8.5535635e+01 
1.7500000e+00 8.5535635e+01 
1.7520000e+00 8.5535635e+01 
1.7540000e+00 8.5535635e+01 
1.7560000e+00 8.5535635e+01 
1.7580000e+00 8.5535635e+01 
1.7600000e+00 8.5535635e+01 
1.7620000e+00 8.5535635e+01 
1.7640000e+00 8.5535635e+01 
1.7660000e+00 8.5535635e+01 
1.7680000e+00 8.5535635e+01 
1.7700000e+00 8.5535635e+01 
1.7720000e+00 8.5535635e+01 
1.7740000e+00 8.5535635e+01 
1.7760000e+00 8.5535635e+01 
1.7780000e+00 8.5535635e+01 
1.7800000e+00 8.5535635e+01 
1.7840000e+00 8.5535635e+01 
1.7880000e+00 8.5535635e+01 
1.7920000e+00 8.5535635e+01 
1.7960000e+00 8.5535635e+01 
1.8000000e+00 8.5535635e+01 
1.8040000e+00 8.5535635e+01 
1.8080000e+00 8.5535635e+01 
1.8120000e+00 8.5535635e+01 
1.8160000e+00 8.5535635e+01 
1.8200000e+00 8.5535635e+01 
1.8240000e+00 8.5535635e+01 
1.8280000e+00 8.5535635e+01 
1.8320000e+00 8.5535635e+01 
1.8360000e+00 8.5535635e+01 
1.8400000e+00 8.5535635e+01 
1.8440000e+00 8.5535635e+01 
1.8480000e+00 8.5535635e+01 
1.8520000e+00 8.5535635e+01 
1.8560000e+00 8.5535635e+01 
1.8600000e+00 8.5535635e+01 
1.8640000e+00 8.5535635e+01 
1.8680000e+00 8.5535635e+01 
1.8720000e+00 8.5535635e+01 
1.8740000e+00 8.5535635e+01 
1.8760000e+00 8.5535635e+01 
1.8780000e+00 8.5535635e+01 
1.8800000e+00 8.5535635e+01 
1.8820000e+00 8.5535635e+01 
1.8840000e+00 8.5535635e+01 
1.8860000e+00 8.5535635e+01 
1.8880000e+00 8.5535635e+01 
1.8900000e+00 8.5535635e+01 
1.8920000e+00 8.5535635e+01 
1.8940000e+00 8.5535635e+01 
1.8960000e+00 8.5535635e+01 
1.8980000e+00 8.5535635e+01 
1.9000000e+00 8.5535635e+01 
1.9020000e+00 8.5535635e+01 
1.9040000e+00 8.5535635e+01 
1.9060000e+00 8.5535635e+01 
1.9080000e+00 8.5535635e+01 
1.9100000e+00 8.5535635e+01 
1.9120000e+00 8.5535635e+01 
1.9140000e+00 8.5535635e+01 
1.9160000e+00 8.5535635e+01 
1.9180000e+00 8.5535635e+01 
1.9200000e+00 8.5535635e+01 
1.9220000e+00 8.5535635e+01 
1.9240000e+00 8.5535635e+01 
1.9260000e+00 8.5535635e+01 
1.9280000e+00 8.5535635e+01 
1.9300000e+00 8.5535635e+01 
1.9320000e+00 8.5535635e+01 
1.9340000e+00 8.5535635e+01 
1.9360000e+00 8.5535635e+01 
1.9380000e+00 8.5535635e+01 
1.9400000e+00 8.5535635e+01 
1.9420000e+00 8.5535635e+01 
1.9440000e+00 8.5535635e+01 
1.9460000e+00 8.5535635e+01 
1.9480000e+00 8.5535635e+01 
1.9500000e+00 8.5535635e+01 
1.9520000e+00 8.5535635e+01 
1.9540000e+00 8.5535635e+01 
1.9560000e+00 8.5535635e+01 
1.9580000e+00 8.5535635e+01 
1.9600000e+00 8.5535635e+01 
1.9620000e+00 8.5535635e+01 
1.9640000e+00 8.5535635e+01 
1.9660000e+00 8.5535635e+01 
1.9680000e+00 8.5535635e+01 
1.9700000e+00 8.5535635e+01 
1.9720000e+00 8.5535635e+01 
1.9740000e+00 8.5535635e+01 
1.9760000e+00 8.5535635e+01 
1.9780000e+00 8.5535635e+01 
1.9800000e+00 8.5535635e+01 
1.9820000e+00 8.5535635e+01 
1.9840000e+00 8.5535635e+01 
1.9860000e+00 8.5535635e+01 
1.9880000e+00 8.5535635e+01 
1.9900000e+00 8.5535635e+01 
1.9920000e+00 8.5535635e+01 
1.9940000e+00 8.5535635e+01 
1.9960000e+00 8.5535635e+01 
1.9980000e+00 8.5535635e+01 
2.0000000e+00 8.5535635e+01 
2.0020000e+00 8.5535635e+01 
2.0040000e+00 8.5535635e+01 
2.0060000e+00 8.5535635e+01 
2.0080000e+00 8.5535635e+01 
2.0100000e+00 8.5535635e+01 
2.0120000e+00 8.5535635e+01 
2.0140000e+00 8.5535635e+01 
2.0160000e+00 8.5535635e+01 
2.0180000e+00 8.5535635e+01 
2.0200000e+00 8.5535635e+01 
2.0220000e+00 8.5535635e+01 
2.0240000e+00 8.5535635e+01 
2.0260000e+00 8.5535635e+01 
2.0280000e+00 8.5535635e+01 
2.0300000e+00 8.5535635e+01 
2.0320000e+00 8.5535635e+01 
2.0340000e+00 8.5535635e+01 
2.0360000e+00 8.5535635e+01 
2.0380000e+00 8.5535635e+01 
2.0400000e+00 8.5535635e+01 
2.0420000e+00 8.5535635e+01 
2.0440000e+00 8.5535635e+01 
2.0460000e+00 8.5535635e+01 
2.0480000e+00 8.5535635e+01 
2.0500000e+00 8.5535635e+01 
2.0520000e+00 8.5535635e+01 
2.0540000e+00 8.5535635e+01 
2.0560000e+00 8.5535635e+01 
2.0580000e+00 8.5535635e+01 
2.0600000e+00 8.5535635e+01 
2.0620000e+00 8.5535635e+01 
2.0640000e+00 8.5535635e+01 
2.0660000e+00 8.5535635e+01 
2.0680000e+00 8.5535635e+01 
2.0700000e+00 8.5535635e+01 
2.0720000e+00 8.5535635e+01 
2.0740000e+00 8.5535635e+01 
2.0760000e+00 8.5535635e+01 
2.0780000e+00 8.5535635e+01 
2.0800000e+00 8.5535635e+01 
2.0820000e+00 8.5535635e+01 
2.0840000e+00 8.5535635e+01 
2.0860000e+00 8.5535635e+01 
2.0880000e+00 8.5535635e+01 
2.0900000e+00 8.5535635e+01 
2.0920000e+00 8.5535635e+01 
2.0940000e+00 8.5535635e+01 
2.0960000e+00 8.5535635e+01 
2.0980000e+00 8.5535635e+01 
2.1000000e+00 8.5535635e+01 
2.1020000e+00 8.5535635e+01 
2.1040000e+00 8.5535635e+01 
2.1060000e+00 8.5535635e+01 
2.1080000e+00 8.5535635e+01 
2.1100000e+00 8.5535635e+01 
2.1120000e+00 8.5535635e+01 
2.1130000e+00 8.5535635e+01 
2.1150000e+00 8.5535635e+01 
2.1170000e+00 8.5535635e+01 
2.1190000e+00 8.5535635e+01 
2.1210000e+00 8.5535635e+01 
2.1230000e+00 8.5535635e+01 
2.1250000e+00 8.5535635e+01 
2.1270000e+00 8.5535635e+01 
2.1290000e+00 8.5535635e+01 
2.1310000e+00 8.5535635e+01 
2.1330000e+00 8.5535635e+01 
2.1350000e+00 8.5535635e+01 
2.1370000e+00 8.5535635e+01 
2.1390000e+00 8.5535635e+01 
2.1410000e+00 8.5535635e+01 
2.1430000e+00 8.5535635e+01 
2.1450000e+00 8.5535635e+01 
2.1470000e+00 8.5535635e+01 
2.1490000e+00 8.5535635e+01 
2.1510000e+00 8.5535635e+01 
2.1530000e+00 8.5535635e+01 
2.1550000e+00 8.5535635e+01 
2.1570000e+00 8.5535635e+01 
2.1590000e+00 8.5535635e+01 
2.1610000e+00 8.5535635e+01 
2.1630000e+00 8.5535635e+01 
2.1650000e+00 8.5535635e+01 
2.1670000e+00 8.5535635e+01 
2.1690000e+00 8.5535635e+01 
2.1710000e+00 8.5535635e+01 
2.1730000e+00 8.5535635e+01 
2.1750000e+00 8.5535635e+01 
2.1770000e+00 8.5535635e+01 
2.1790000e+00 8.5535635e+01 
2.1810000e+00 8.5535635e+01 
2.1830000e+00 8.5535635e+01 
2.1850000e+00 8.5535635e+01 
2.1870000e+00 8.5535635e+01 
2.1890000e+00 8.5535635e+01 
2.1910000e+00 8.5535635e+01 
2.1930000e+00 8.5535635e+01 
2.1950000e+00 8.5535635e+01 
2.1970000e+00 8.5535635e+01 
2.1990000e+00 8.5535635e+01 
2.2010000e+00 8.5535635e+01 
2.2030000e+00 8.5535635e+01 
2.2050000e+00 8.5535635e+01 
2.2070000e+00 8.5535635e+01 
2.2090000e+00 8.5535635e+01 
2.2110000e+00 8.5535635e+01 
2.2130000e+00 8.5535635e+01 
2.2150000e+00 8.5535635e+01 
2.2170000e+00 8.5535635e+01 
2.2190000e+00 8.5535635e+01 
2.2210000e+00 8.5535635e+01 
2.2230000e+00 8.5535635e+01 
2.2250000e+00 8.5535635e+01 
2.2270000e+00 8.5535635e+01 
2.2290000e+00 8.5535635e+01 
2.2310000e+00 8.5535635e+01 
2.2330000e+00 8.5535635e+01 
2.2350000e+00 8.5535635e+01 
2.2370000e+00 8.5535635e+01 
2.2390000e+00 8.5535635e+01 
2.2410000e+00 8.5535635e+01 
2.2430000e+00 8.5535635e+01 
2.2450000e+00 8.5535635e+01 
2.2470000e+00 8.5535635e+01 
2.2490000e+00 8.5535635e+01 
2.2510000e+00 8.5535635e+01 
2.2530000e+00 8.5535635e+01 
2.2550000e+00 8.5535635e+01 
2.2570000e+00 8.5535635e+01 
2.2590000e+00 8.5535635e+01 
2.2610000e+00 8.5535635e+01 
2.2630000e+00 8.5535635e+01 
2.2650000e+00 8.5535635e+01 
2.2670000e+00 8.5535635e+01 
2.2690000e+00 8.5535635e+01 
2.2710000e+00 8.5535635e+01 
2.2730000e+00 8.5535635e+01 
2.2750000e+00 8.5535635e+01 
2.2770000e+00 8.5535635e+01 
2.2790000e+00 8.5535635e+01 
2.2810000e+00 8.5535635e+01 
2.2830000e+00 8.5535635e+01 
2.2850000e+00 8.5535635e+01 
2.2870000e+00 8.5535635e+01 
2.2890000e+00 8.5535635e+01 
2.2910000e+00 8.5535635e+01 
2.2930000e+00 8.5535635e+01 
2.2950000e+00 8.5535635e+01 
2.2970000e+00 8.5535635e+01 
2.2990000e+00 8.5535635e+01 
2.3010000e+00 8.5535635e+01 
2.3030000e+00 8.5535635e+01 
2.3050000e+00 8.5535635e+01 
2.3070000e+00 8.5535635e+01 
2.3090000e+00 8.5535635e+01 
2.3110000e+00 8.5535635e+01 
2.3130000e+00 8.5535635e+01 
2.3150000e+00 8.5535635e+01 
2.3170000e+00 8.5535635e+01 
2.3190000e+00 8.5535635e+01 
2.3210000e+00 8.5535635e+01 
2.3230000e+00 8.5535635e+01 
2.3250000e+00 8.5535635e+01 
2.3270000e+00 8.5535635e+01 
2.3290000e+00 8.5535635e+01 
2.3310000e+00 8.5535635e+01 
2.3330000e+00 8.5535635e+01 
2.3350000e+00 8.5535635e+01 
2.3370000e+00 8.5535635e+01 
2.3390000e+00 8.5535635e+01 
2.3410000e+00 8.5535635e+01 
2.3430000e+00 8.5535635e+01 
2.3450000e+00 8.5535635e+01 
2.3470000e+00 8.5535635e+01 
2.3490000e+00 8.5535635e+01 
2.3510000e+00 8.5535635e+01 
2.3530000e+00 8.5535635e+01 
2.3550000e+00 8.5535635e+01 
2.3570000e+00 8.5535635e+01 
2.3590000e+00 8.5535635e+01 
2.3610000e+00 8.5535635e+01 
2.3630000e+00 8.5535635e+01 
2.3650000e+00 8.5535635e+01 
2.3670000e+00 8.5535635e+01 
2.3690000e+00 8.5535635e+01 
2.3710000e+00 8.5535635e+01 
2.3730000e+00 8.5535635e+01 
2.3750000e+00 8.5535635e+01 
2.3770000e+00 8.5535635e+01 
2.3790000e+00 8.5535635e+01 
2.3810000e+00 8.5535635e+01 
2.3830000e+00 8.5535635e+01 
2.3850000e+00 8.5535635e+01 
2.3870000e+00 8.5535635e+01 
2.3890000e+00 8.5535635e+01 
2.3910000e+00 8.5535635e+01 
2.3930000e+00 8.5535635e+01 
2.3950000e+00 8.5535635e+01 
2.3970000e+00 8.5535635e+01 
2.3990000e+00 8.5535635e+01 
2.4010000e+00 8.5535635e+01 
2.4030000e+00 8.5535635e+01 
2.4050000e+00 8.5535635e+01 
2.4070000e+00 8.5535635e+01 
2.4090000e+00 8.5535635e+01 
2.4110000e+00 8.5535635e+01 
2.4130000e+00 8.5535635e+01 
2.4150000e+00 8.5535635e+01 
2.4170000e+00 8.5535635e+01 
2.4190000e+00 8.5535635e+01 
2.4210000e+00 8.5535635e+01 
2.4230000e+00 8.5535635e+01 
2.4250000e+00 8.5535635e+01 
2.4270000e+00 8.5535635e+01 
2.4290000e+00 8.5535635e+01 
2.4310000e+00 8.5535635e+01 
2.4330000e+00 8.5535635e+01 
2.4350000e+00 8.5535635e+01 
2.4370000e+00 8.5535635e+01 
2.4390000e+00 8.5535635e+01 
2.4410000e+00 8.5535635e+01 
2.4430000e+00 8.5535635e+01 
2.4450000e+00 8.5535635e+01 
2.4470000e+00 8.5535635e+01 
2.4490000e+00 8.5535635e+01 
2.4510000e+00 8.5535635e+01 
2.4530000e+00 8.5535635e+01 
2.4550000e+00 8.5535635e+01 
2.4570000e+00 8.5535635e+01 
2.4590000e+00 8.5535635e+01 
2.4610000e+00 8.5535635e+01 
2.4630000e+00 8.5535635e+01 
2.4650000e+00 8.5535635e+01 
2.4670000e+00 8.5535635e+01 
2.4690000e+00 8.5535635e+01 
2.4710000e+00 8.5535635e+01 
2.4730000e+00 8.5535635e+01 
2.4750000e+00 8.5535635e+01 
2.4770000e+00 8.5535635e+01 
2.4790000e+00 8.5535635e+01 
2.4810000e+00 8.5535635e+01 
2.4830000e+00 8.5535635e+01 
2.4850000e+00 8.5535635e+01 
2.4870000e+00 8.5535635e+01 
2.4890000e+00 8.5535635e+01 
2.4910000e+00 8.5535635e+01 
2.4930000e+00 8.5535635e+01 
2.4950000e+00 8.5535635e+01 
2.4970000e+00 8.5535635e+01 
2.4990000e+00 8.5535635e+01 
2.5010000e+00 8.5535635e+01 
2.5030000e+00 8.5535635e+01 
2.5050000e+00 8.5535635e+01 
2.5070000e+00 8.5535635e+01 
2.5090000e+00 8.5535635e+01 
2.5110000e+00 8.5535635e+01 
2.5130000e+00 8.5535635e+01 
2.5150000e+00 8.5535635e+01 
2.5170000e+00 8.5535635e+01 
2.5190000e+00 8.5535635e+01 
2.5210000e+00 8.5535635e+01 
2.5230000e+00 8.5535635e+01 
2.5250000e+00 8.5535635e+01 
2.5270000e+00 8.5535635e+01 
2.5290000e+00 8.5535635e+01 
2.5310000e+00 8.5535635e+01 
2.5330000e+00 8.5535635e+01 
2.5350000e+00 8.5535635e+01 
2.5370000e+00 8.5535635e+01 
2.5390000e+00 8.5535635e+01 
2.5410000e+00 8.5535635e+01 
2.5430000e+00 8.5535635e+01 
2.5450000e+00 8.5535635e+01 
2.5470000e+00 8.5535635e+01 
2.5490000e+00 8.5535635e+01 
2.5510000e+00 8.5535635e+01 
2.5530000e+00 8.5535635e+01 
2.5550000e+00 8.5535635e+01 
2.5570000e+00 8.5535635e+01 
2.5590000e+00 8.5535635e+01 
2.5610000e+00 8.5535635e+01 
2.5630000e+00 8.5535635e+01 
2.5650000e+00 8.5535635e+01 
2.5670000e+00 8.5535635e+01 
2.5690000e+00 8.5535635e+01 
2.5710000e+00 8.5535635e+01 
2.5730000e+00 8.5535635e+01 
2.5750000e+00 8.5535635e+01 
2.5770000e+00 8.5535635e+01 
2.5790000e+00 8.5535635e+01 
2.5810000e+00 8.5535635e+01 
2.5830000e+00 8.5535635e+01 
2.5850000e+00 8.5535635e+01 
2.5870000e+00 8.5535635e+01 
2.5890000e+00 8.5535635e+01 
2.5910000e+00 8.5535635e+01 
2.5930000e+00 8.5535635e+01 
2.5950000e+00 8.5535635e+01 
2.5970000e+00 8.5535635e+01 
2.5990000e+00 8.5535635e+01 
2.6010000e+00 8.5535635e+01 
2.6030000e+00 8.5535635e+01 
2.6050000e+00 8.5535635e+01 
2.6070000e+00 8.5535635e+01 
2.6090000e+00 8.5535635e+01 
2.6110000e+00 8.5535635e+01 
2.6130000e+00 8.5535635e+01 
2.6150000e+00 8.5535635e+01 
2.6170000e+00 8.5535635e+01 
2.6190000e+00 8.5535635e+01 
2.6210000e+00 8.5535635e+01 
2.6230000e+00 8.5535635e+01 
2.6250000e+00 8.5535635e+01 
2.6270000e+00 8.5535635e+01 
2.6290000e+00 8.5535635e+01 
2.6310000e+00 8.5535635e+01 
2.6330000e+00 8.5535635e+01 
2.6350000e+00 8.5535635e+01 
2.6370000e+00 8.5535635e+01 
2.6390000e+00 8.5535635e+01 
2.6410000e+00 8.5535635e+01 
2.6430000e+00 8.5535635e+01 
2.6450000e+00 8.5535635e+01 
2.6470000e+00 8.5535635e+01 
2.6490000e+00 8.5535635e+01 
2.6510000e+00 8.5535635e+01 
2.6530000e+00 8.5535635e+01 
2.6550000e+00 8.5535635e+01 
2.6570000e+00 8.5535635e+01 
2.6590000e+00 8.5535635e+01 
2.6610000e+00 8.5535635e+01 
2.6630000e+00 8.5535635e+01 
2.6650000e+00 8.5535635e+01 
2.6670000e+00 8.5535635e+01 
2.6690000e+00 8.5535635e+01 
2.6710000e+00 8.5535635e+01 
2.6730000e+00 8.5535635e+01 
2.6750000e+00 8.5535635e+01 
2.6770000e+00 8.5535635e+01 
2.6790000e+00 8.5535635e+01 
2.6810000e+00 8.5535635e+01 
2.6830000e+00 8.5535635e+01 
2.6850000e+00 8.5535635e+01 
2.6870000e+00 8.5535635e+01 
2.6890000e+00 8.5535635e+01 
2.6910000e+00 8.5535635e+01 
2.6930000e+00 8.5535635e+01 
2.6950000e+00 8.5535635e+01 
2.6970000e+00 8.5535635e+01 
2.6990000e+00 8.5535635e+01 
2.7010000e+00 8.5535635e+01 
2.7030000e+00 8.5535635e+01 
2.7050000e+00 8.5535635e+01 
2.7070000e+00 8.5535635e+01 
2.7090000e+00 8.5535635e+01 
2.7110000e+00 8.5535635e+01 
2.7130000e+00 8.5535635e+01 
2.7150000e+00 8.5535635e+01 
2.7170000e+00 8.5535635e+01 
2.7190000e+00 8.5535635e+01 
2.7210000e+00 8.5535635e+01 
2.7230000e+00 8.5535635e+01 
2.7250000e+00 8.5535635e+01 
2.7270000e+00 8.5535635e+01 
2.7290000e+00 8.5535635e+01 
2.7310000e+00 8.5535635e+01 
2.7330000e+00 8.5535635e+01 
2.7350000e+00 8.5535635e+01 
2.7370000e+00 8.5535635e+01 
2.7390000e+00 8.5535635e+01 
2.7410000e+00 8.5535635e+01 
2.7430000e+00 8.5535635e+01 
2.7450000e+00 8.5535635e+01 
2.7470000e+00 8.5535635e+01 
2.7490000e+00 8.5535635e+01 
2.7510000e+00 8.5535635e+01 
2.7530000e+00 8.5535635e+01 
2.7550000e+00 8.5535635e+01 
2.7570000e+00 8.5535635e+01 
2.7590000e+00 8.5535635e+01 
2.7610000e+00 8.5535635e+01 
2.7630000e+00 8.5535635e+01 
2.7650000e+00 8.5535635e+01 
2.7670000e+00 8.5535635e+01 
2.7690000e+00 8.5535635e+01 
2.7710000e+00 8.5535635e+01 
2.7730000e+00 8.5535635e+01 
2.7750000e+00 8.5535635e+01 
2.7770000e+00 8.5535635e+01 
2.7790000e+00 8.5535635e+01 
2.7810000e+00 8.5535635e+01 
2.7830000e+00 8.5535635e+01 
2.7850000e+00 8.5535635e+01 
2.7870000e+00 8.5535635e+01 
2.7890000e+00 8.5535635e+01 
2.7910000e+00 8.5535635e+01 
2.7930000e+00 8.5535635e+01 
2.7950000e+00 8.5535635e+01 
2.7970000e+00 8.5535635e+01 
2.7990000e+00 8.5535635e+01 
2.8010000e+00 8.5535635e+01 
2.8030000e+00 8.5535635e+01 
2.8050000e+00 8.5535635e+01 
2.8070000e+00 8.5535635e+01 
2.8090000e+00 8.5535635e+01 
2.8110000e+00 8.5535635e+01 
2.8130000e+00 8.5535635e+01 
2.8150000e+00 8.5535635e+01 
2.8170000e+00 8.5535635e+01 
2.8190000e+00 8.5535635e+01 
2.8210000e+00 8.5535635e+01 
2.8230000e+00 8.5535635e+01 
2.8250000e+00 8.5535635e+01 
2.8270000e+00 8.5535635e+01 
2.8290000e+00 8.5535635e+01 
2.8310000e+00 8.5535635e+01 
2.8330000e+00 8.5535635e+01 
2.8350000e+00 8.5535635e+01 
2.8370000e+00 8.5535635e+01 
2.8390000e+00 8.5535635e+01 
2.8410000e+00 8.5535635e+01 
2.8430000e+00 8.5535635e+01 
2.8450000e+00 8.5535635e+01 
2.8470000e+00 8.5535635e+01 
2.8490000e+00 8.5535635e+01 
2.8510000e+00 8.5535635e+01 
2.8530000e+00 8.5535635e+01 
2.8550000e+00 8.5535635e+01 
2.8570000e+00 8.5535635e+01 
2.8590000e+00 8.5535635e+01 
2.8610000e+00 8.5535635e+01 
2.8630000e+00 8.5535635e+01 
2.8650000e+00 8.5535635e+01 
2.8670000e+00 8.5535635e+01 
2.8690000e+00 8.5535635e+01 
2.8710000e+00 8.5535635e+01 
2.8730000e+00 8.5535635e+01 
2.8750000e+00 8.5535635e+01 
2.8770000e+00 8.5535635e+01 
2.8790000e+00 8.5535635e+01 
2.8810000e+00 8.5535635e+01 
2.8830000e+00 8.5535635e+01 
2.8850000e+00 8.5535635e+01 
2.8870000e+00 8.5535635e+01 
2.8890000e+00 8.5535635e+01 
2.8910000e+00 8.5535635e+01 
2.8930000e+00 8.5535635e+01 
2.8950000e+00 8.5535635e+01 
2.8970000e+00 8.5535635e+01 
2.8990000e+00 8.5535635e+01 
2.9010000e+00 8.5535635e+01 
2.9030000e+00 8.5535635e+01 
2.9050000e+00 8.5535635e+01 
2.9070000e+00 8.5535635e+01 
2.9090000e+00 8.5535635e+01 
2.9110000e+00 8.5535635e+01 
2.9130000e+00 8.5535635e+01 
2.9150000e+00 8.5535635e+01 
2.9170000e+00 8.5535635e+01 
2.9190000e+00 8.5535635e+01 
2.9210000e+00 8.5535635e+01 
2.9221000e+00 8.5535635e+01 
2.9241000e+00 8.5535635e+01 
2.9261000e+00 8.5535635e+01 
2.9281000e+00 8.5535635e+01 
2.9301000e+00 8.5535635e+01 
2.9321000e+00 8.5535635e+01 
2.9341000e+00 8.5535635e+01 
2.9361000e+00 8.5535635e+01 
2.9381000e+00 8.5535635e+01 
2.9401000e+00 8.5535635e+01 
2.9421000e+00 8.5535635e+01 
2.9441000e+00 8.5535635e+01 
2.9461000e+00 8.5535635e+01 
2.9481000e+00 8.5535635e+01 
2.9501000e+00 8.5535635e+01 
2.9521000e+00 8.5535635e+01 
2.9541000e+00 8.5535635e+01 
2.9561000e+00 8.5535635e+01 
2.9581000e+00 8.5535635e+01 
2.9601000e+00 8.5535635e+01 
2.9621000e+00 8.5535635e+01 
2.9641000e+00 8.5535635e+01 
2.9661000e+00 8.5535635e+01 
2.9681000e+00 8.5535635e+01 
2.9701000e+00 8.5535635e+01 
2.9721000e+00 8.5535635e+01 
2.9741000e+00 8.5535635e+01 
2.9761000e+00 8.5535635e+01 
2.9781000e+00 8.5535635e+01 
2.9801000e+00 8.5535635e+01 
2.9821000e+00 8.5535635e+01 
2.9841000e+00 8.5535635e+01 
2.9861000e+00 8.5535635e+01 
2.9881000e+00 8.5535635e+01 
2.9901000e+00 8.5535635e+01 
2.9921000e+00 8.5535635e+01 
2.9941000e+00 8.5535635e+01 
2.9961000e+00 8.5535635e+01 
2.9981000e+00 8.5535635e+01 
3.0001000e+00 8.5535635e+01 
3.0021000e+00 8.5535635e+01 
3.0041000e+00 8.5535635e+01 
3.0061000e+00 8.5535635e+01 
3.0081000e+00 8.5535635e+01 
3.0101000e+00 8.5535635e+01 
3.0121000e+00 8.5535635e+01 
3.0141000e+00 8.5535635e+01 
3.0161000e+00 8.5535635e+01 
3.0181000e+00 8.5535635e+01 
3.0201000e+00 8.5535635e+01 
3.0221000e+00 8.5535635e+01 
3.0241000e+00 8.5535635e+01 
3.0261000e+00 8.5535635e+01 
3.0281000e+00 8.5535635e+01 
3.0301000e+00 8.5535635e+01 
3.0321000e+00 8.5535635e+01 
3.0341000e+00 8.5535635e+01 
3.0361000e+00 8.5535635e+01 
3.0381000e+00 8.5535635e+01 
3.0401000e+00 8.5535635e+01 
3.0421000e+00 8.5535635e+01 
3.0441000e+00 8.5535635e+01 
3.0461000e+00 8.5535635e+01 
3.0481000e+00 8.5535635e+01 
3.0501000e+00 8.5535635e+01 
3.0521000e+00 8.5535635e+01 
3.0541000e+00 8.5535635e+01 
3.0561000e+00 8.5535635e+01 
3.0581000e+00 8.5535635e+01 
3.0601000e+00 8.5535635e+01 
3.0621000e+00 8.5535635e+01 
3.0641000e+00 8.5535635e+01 
3.0661000e+00 8.5535635e+01 
3.0681000e+00 8.5535635e+01 
3.0701000e+00 8.5535635e+01 
3.0721000e+00 8.5535635e+01 
3.0741000e+00 8.5535635e+01 
3.0761000e+00 8.5535635e+01 
3.0781000e+00 8.5535635e+01 
3.0801000e+00 8.5535635e+01 
3.0821000e+00 8.5535635e+01 
3.0841000e+00 8.5535635e+01 
3.0861000e+00 8.5535635e+01 
3.0881000e+00 8.5535635e+01 
3.0901000e+00 8.5535635e+01 
3.0921000e+00 8.5535635e+01 
3.0941000e+00 8.5535635e+01 
3.0961000e+00 8.5535635e+01 
3.0981000e+00 8.5535635e+01 
3.1001000e+00 8.5535635e+01 
3.1021000e+00 8.5535635e+01 
3.1041000e+00 8.5535635e+01 
3.1061000e+00 8.5535635e+01 
3.1081000e+00 8.5535635e+01 
3.1101000e+00 8.5535635e+01 
3.1121000e+00 8.5535635e+01 
3.1141000e+00 8.5535635e+01 
3.1161000e+00 8.5535635e+01 
3.1181000e+00 8.5535635e+01 
3.1201000e+00 8.5535635e+01 
3.1221000e+00 8.5535635e+01 
3.1241000e+00 8.5535635e+01 
3.1261000e+00 8.5535635e+01 
3.1281000e+00 8.5535635e+01 
3.1301000e+00 8.5535635e+01 
3.1321000e+00 8.5535635e+01 
3.1341000e+00 8.5535635e+01 
3.1361000e+00 8.5535635e+01 
3.1381000e+00 8.5535635e+01 
3.1401000e+00 8.5535635e+01 
3.1421000e+00 8.5535635e+01 
3.1441000e+00 8.5535635e+01 
3.1461000e+00 8.5535635e+01 
3.1481000e+00 8.5535635e+01 
3.1501000e+00 8.5535635e+01 
3.1521000e+00 8.5535635e+01 
3.1541000e+00 8.5535635e+01 
3.1561000e+00 8.5535635e+01 
3.1581000e+00 8.5535635e+01 
3.1601000e+00 8.5535635e+01 
3.1621000e+00 8.5535635e+01 
3.1641000e+00 8.5535635e+01 
3.1661000e+00 8.5535635e+01 
3.1681000e+00 8.5535635e+01 
3.1701000e+00 8.5535635e+01 
3.1721000e+00 8.5535635e+01 
3.1741000e+00 8.5535635e+01 
3.1761000e+00 8.5535635e+01 
3.1781000e+00 8.5535635e+01 
3.1795000e+00 8.5535635e+01 
3.1845000e+00 8.5535635e+01 
3.1895000e+00 8.5535635e+01 
3.1945000e+00 8.5535635e+01 
3.1995000e+00 8.5535635e+01 
3.2045000e+00 8.5535635e+01 
3.2095000e+00 8.5535635e+01 
3.2145000e+00 8.5535635e+01 
3.2195000e+00 8.5535635e+01 
3.2245000e+00 8.5535635e+01 
3.2295000e+00 8.5535635e+01 
3.2345000e+00 8.5535635e+01 
3.2395000e+00 8.5535635e+01 
3.2445000e+00 8.5535635e+01 
3.2495000e+00 8.5535635e+01 
3.2545000e+00 8.5535635e+01 
3.2595000e+00 8.5535635e+01 
3.2645000e+00 8.5535635e+01 
3.2695000e+00 8.5535635e+01 
3.2745000e+00 8.5535635e+01 
3.2795000e+00 8.5535635e+01 
3.2845000e+00 8.5535635e+01 
3.2895000e+00 8.5535635e+01 
3.2945000e+00 8.5535635e+01 
3.2995000e+00 8.5535635e+01 
3.3045000e+00 8.5535635e+01 
3.3095000e+00 8.5535635e+01 
3.3145000e+00 8.5535635e+01 
3.3195000e+00 8.5535635e+01 
3.3245000e+00 8.5535635e+01 
3.3295000e+00 8.5535635e+01 
3.3345000e+00 8.5535635e+01 
3.3395000e+00 8.5535635e+01 
3.3433600e+00 8.5535635e+01 
