Position  
0.0000000e+00 5.7731323e+00 
4.9999999e-03 5.7407565e+00 
9.9999998e-03 5.7085748e+00 
1.5000000e-02 5.6765885e+00 
2.0000000e-02 5.6448007e+00 
2.5000000e-02 5.6132135e+00 
2.9999999e-02 5.5818286e+00 
3.5000000e-02 5.5506496e+00 
3.9999999e-02 5.5196781e+00 
4.5000002e-02 5.4889178e+00 
5.0000001e-02 5.4583697e+00 
5.5000000e-02 5.4280372e+00 
5.9999999e-02 5.3979230e+00 
6.4999998e-02 5.3680282e+00 
7.0000000e-02 5.3383574e+00 
7.5000003e-02 5.3089118e+00 
7.9999998e-02 5.2796946e+00 
8.5000001e-02 5.2507081e+00 
9.0000004e-02 5.2219553e+00 
9.4999999e-02 5.1934400e+00 
1.0000000e-01 5.1651630e+00 
1.0500000e-01 5.1371288e+00 
1.1000000e-01 5.1093397e+00 
1.1500000e-01 5.0817986e+00 
1.2000000e-01 5.0545082e+00 
1.2500000e-01 5.0274720e+00 
1.3000000e-01 5.0006928e+00 
1.3500001e-01 4.9741740e+00 
1.4000000e-01 4.9479184e+00 
1.4500000e-01 4.9219289e+00 
1.5000001e-01 4.8962097e+00 
1.5500000e-01 4.8707628e+00 
1.6000000e-01 4.8455925e+00 
1.6500001e-01 4.8207011e+00 
1.7000000e-01 4.7960930e+00 
1.7500000e-01 4.7717700e+00 
1.8000001e-01 4.7477365e+00 
1.8500000e-01 4.7239952e+00 
1.9000000e-01 4.7005491e+00 
1.9499999e-01 4.6774015e+00 
2.0000000e-01 4.6545563e+00 
2.0500000e-01 4.6320157e+00 
2.0800000e-01 4.6186395e+00 
2.0900001e-01 4.6142058e+00 
2.0999999e-01 4.6097846e+00 
2.1100000e-01 4.6053753e+00 
2.1200000e-01 4.6009789e+00 
2.1300000e-01 4.5965953e+00 
2.1400000e-01 4.5922236e+00 
2.1500000e-01 4.5878649e+00 
2.1600001e-01 4.5835190e+00 
2.1699999e-01 4.5791855e+00 
2.1799999e-01 4.5748649e+00 
2.1900000e-01 4.5705562e+00 
2.2000000e-01 4.5662613e+00 
2.2100000e-01 4.5619783e+00 
2.2200000e-01 4.5577087e+00 
2.2300000e-01 4.5534515e+00 
2.2400001e-01 4.5492072e+00 
2.2499999e-01 4.5449762e+00 
2.2600000e-01 4.5407572e+00 
2.2700000e-01 4.5365520e+00 
2.2800000e-01 4.5323591e+00 
2.2900000e-01 4.5281792e+00 
2.3000000e-01 4.5240130e+00 
2.3100001e-01 4.5198593e+00 
2.3199999e-01 4.5157185e+00 
2.3300000e-01 4.5115910e+00 
2.3400000e-01 4.5074763e+00 
2.3500000e-01 4.5033755e+00 
2.3600000e-01 4.4992867e+00 
2.3700000e-01 4.4952121e+00 
2.3800001e-01 4.4911504e+00 
2.3899999e-01 4.4871020e+00 
2.3999999e-01 4.4830666e+00 
2.4100000e-01 4.4790444e+00 
2.4200000e-01 4.4750357e+00 
2.4300000e-01 4.4710402e+00 
2.4400000e-01 4.4670587e+00 
2.4500000e-01 4.4630899e+00 
2.4600001e-01 4.4591346e+00 
2.4699999e-01 4.4551935e+00 
2.4800000e-01 4.4512649e+00 
2.4900000e-01 4.4473510e+00 
2.5000000e-01 4.4434495e+00 
2.5099999e-01 4.4395623e+00 
2.5200000e-01 4.4356880e+00 
2.5299999e-01 4.4318280e+00 
2.5400001e-01 4.4279809e+00 
2.5500000e-01 4.4241481e+00 
2.5600001e-01 4.4203291e+00 
2.5700000e-01 4.4165235e+00 
2.5799999e-01 4.4127316e+00 
2.5900000e-01 4.4089537e+00 
2.5999999e-01 4.4051895e+00 
2.6100001e-01 4.4014387e+00 
2.6199999e-01 4.3977022e+00 
2.6300001e-01 4.3939800e+00 
2.6400000e-01 4.3902712e+00 
2.6499999e-01 4.3865762e+00 
2.6600000e-01 4.3828959e+00 
2.6699999e-01 4.3792291e+00 
2.6800001e-01 4.3755765e+00 
2.6899999e-01 4.3719378e+00 
2.7000001e-01 4.3683133e+00 
2.7100000e-01 4.3647027e+00 
2.7200001e-01 4.3611064e+00 
2.7300000e-01 4.3575244e+00 
2.7399999e-01 4.3539562e+00 
2.7500001e-01 4.3504024e+00 
2.7599999e-01 4.3468633e+00 
2.7700001e-01 4.3433380e+00 
2.7800000e-01 4.3398271e+00 
2.7900001e-01 4.3363304e+00 
2.8000000e-01 4.3328485e+00 
2.8099999e-01 4.3293805e+00 
2.8200001e-01 4.3259273e+00 
2.8299999e-01 4.3224883e+00 
2.8400001e-01 4.3190637e+00 
2.8500000e-01 4.3156538e+00 
2.8600001e-01 4.3122582e+00 
2.8700000e-01 4.3088775e+00 
2.8799999e-01 4.3055110e+00 
2.8900000e-01 4.3021593e+00 
2.8999999e-01 4.2988219e+00 
2.9100001e-01 4.2954993e+00 
2.9200000e-01 4.2921920e+00 
2.9300001e-01 4.2888989e+00 
2.9400000e-01 4.2856202e+00 
2.9499999e-01 4.2823567e+00 
2.9600000e-01 4.2791076e+00 
2.9699999e-01 4.2758732e+00 
2.9800001e-01 4.2726541e+00 
2.9899999e-01 4.2694502e+00 
3.0000001e-01 4.2662601e+00 
3.0100000e-01 4.2630858e+00 
3.0199999e-01 4.2599258e+00 
3.0300000e-01 4.2567811e+00 
3.0399999e-01 4.2536516e+00 
3.0500001e-01 4.2505364e+00 
3.0599999e-01 4.2474370e+00 
3.0700001e-01 4.2443523e+00 
3.0800000e-01 4.2412825e+00 
3.0899999e-01 4.2382278e+00 
3.1000000e-01 4.2351885e+00 
3.1099999e-01 4.2321644e+00 
3.1200001e-01 4.2291555e+00 
3.1299999e-01 4.2261615e+00 
3.1400001e-01 4.2231827e+00 
3.1500000e-01 4.2202196e+00 
3.1600001e-01 4.2172718e+00 
3.1700000e-01 4.2143388e+00 
3.1799999e-01 4.2114215e+00 
3.1900001e-01 4.2085195e+00 
3.1999999e-01 4.2056332e+00 
3.2100001e-01 4.2027617e+00 
3.2200000e-01 4.1999059e+00 
3.2300001e-01 4.1970658e+00 
3.2400000e-01 4.1942406e+00 
3.2499999e-01 4.1914310e+00 
3.2600001e-01 4.1886377e+00 
3.2699999e-01 4.1858597e+00 
3.2800001e-01 4.1830969e+00 
3.2900000e-01 4.1803498e+00 
3.3000001e-01 4.1776185e+00 
3.3100000e-01 4.1749024e+00 
3.3199999e-01 4.1722026e+00 
3.3300000e-01 4.1695180e+00 
3.3399999e-01 4.1668496e+00 
3.3500001e-01 4.1641965e+00 
3.3600000e-01 4.1615596e+00 
3.3700001e-01 4.1589384e+00 
3.3800000e-01 4.1563330e+00 
3.3899999e-01 4.1537428e+00 
3.4000000e-01 4.1511693e+00 
3.4099999e-01 4.1486115e+00 
3.4200001e-01 4.1460695e+00 
3.4299999e-01 4.1435437e+00 
3.4400001e-01 4.1410332e+00 
3.4500000e-01 4.1385393e+00 
3.4599999e-01 4.1360612e+00 
3.4700000e-01 4.1335993e+00 
3.4799999e-01 4.1311531e+00 
3.4900001e-01 4.1287236e+00 
3.4999999e-01 4.1263094e+00 
3.5100001e-01 4.1239119e+00 
3.5200000e-01 4.1215305e+00 
3.5299999e-01 4.1191649e+00 
3.5400000e-01 4.1168156e+00 
3.5499999e-01 4.1144824e+00 
3.5600001e-01 4.1121659e+00 
3.5699999e-01 4.1098657e+00 
3.5800001e-01 4.1075816e+00 
3.6000001e-01 4.1030617e+00 
3.6199999e-01 4.0986075e+00 
3.6399999e-01 4.0942192e+00 
3.6600000e-01 4.0898962e+00 
3.6800000e-01 4.0856395e+00 
3.7000000e-01 4.0814481e+00 
3.7200001e-01 4.0773234e+00 
3.7400001e-01 4.0732651e+00 
3.7599999e-01 4.0692730e+00 
3.7799999e-01 4.0653472e+00 
3.8000000e-01 4.0614891e+00 
3.8200000e-01 4.0576973e+00 
3.8400000e-01 4.0539732e+00 
3.8600001e-01 4.0503163e+00 
3.8800001e-01 4.0467267e+00 
3.8999999e-01 4.0432043e+00 
3.9199999e-01 4.0397501e+00 
3.9399999e-01 4.0363636e+00 
3.9600000e-01 4.0330448e+00 
3.9800000e-01 4.0297952e+00 
4.0000001e-01 4.0266128e+00 
4.0200001e-01 4.0234995e+00 
4.0400001e-01 4.0204544e+00 
4.0599999e-01 4.0174785e+00 
4.0799999e-01 4.0145707e+00 
4.1000000e-01 4.0117321e+00 
4.1200000e-01 4.0089626e+00 
4.1400000e-01 4.0062623e+00 
4.1600001e-01 4.0036316e+00 
4.1800001e-01 4.0010700e+00 
4.1999999e-01 3.9985781e+00 
4.2199999e-01 3.9961553e+00 
4.2399999e-01 3.9938023e+00 
4.2600000e-01 3.9915192e+00 
4.2800000e-01 3.9893057e+00 
4.3000001e-01 3.9871628e+00 
4.3200001e-01 3.9850893e+00 
4.3399999e-01 3.9830863e+00 
4.3599999e-01 3.9811535e+00 
4.3799999e-01 3.9792907e+00 
4.4000000e-01 3.9774990e+00 
4.4200000e-01 3.9757774e+00 
4.4400001e-01 3.9741261e+00 
4.4600001e-01 3.9725456e+00 
4.4800001e-01 3.9710360e+00 
4.4999999e-01 3.9695971e+00 
4.5199999e-01 3.9682291e+00 
4.5400000e-01 3.9669323e+00 
4.5600000e-01 3.9657056e+00 
4.5800000e-01 3.9645503e+00 
4.6000001e-01 3.9634662e+00 
4.6200001e-01 3.9624529e+00 
4.6399999e-01 3.9615109e+00 
4.6599999e-01 3.9606402e+00 
4.6799999e-01 3.9598401e+00 
4.7000000e-01 3.9591119e+00 
4.7200000e-01 3.9584544e+00 
4.7400001e-01 3.9578681e+00 
4.7600001e-01 3.9573536e+00 
4.7799999e-01 3.9569097e+00 
4.7999999e-01 3.9565377e+00 
4.8199999e-01 3.9562364e+00 
4.8400000e-01 3.9560068e+00 
4.8600000e-01 3.9558485e+00 
4.8800001e-01 3.9557619e+00 
4.9000001e-01 3.9557462e+00 
4.9200001e-01 3.9558020e+00 
4.9399999e-01 3.9559290e+00 
4.9599999e-01 3.9561274e+00 
4.9800000e-01 3.9563971e+00 
4.9800000e-01 3.9563971e+00 
4.9900001e-01 3.9565592e+00 
5.0000000e-01 3.9567385e+00 
5.0099999e-01 3.9569359e+00 
5.0199997e-01 3.9571509e+00 
5.0300002e-01 3.9573839e+00 
5.0400001e-01 3.9576347e+00 
5.0500000e-01 3.9579034e+00 
5.0599998e-01 3.9581900e+00 
5.0700003e-01 3.9584944e+00 
5.0800002e-01 3.9588163e+00 
5.0900000e-01 3.9591560e+00 
5.0999999e-01 3.9595141e+00 
5.1099998e-01 3.9598894e+00 
5.1200002e-01 3.9602830e+00 
5.1300001e-01 3.9606941e+00 
5.1400000e-01 3.9611230e+00 
5.1499999e-01 3.9615695e+00 
5.1999998e-01 3.9640698e+00 
5.2499998e-01 3.9670131e+00 
5.2999997e-01 3.9703994e+00 
5.3500003e-01 3.9742277e+00 
5.4000002e-01 3.9784968e+00 
5.4500002e-01 3.9832056e+00 
5.5000001e-01 3.9883525e+00 
5.5500001e-01 3.9939363e+00 
5.6000000e-01 3.9999559e+00 
5.6500000e-01 4.0064092e+00 
5.6999999e-01 4.0132942e+00 
5.7499999e-01 4.0206103e+00 
5.7999998e-01 4.0283546e+00 
5.8499998e-01 4.0365252e+00 
5.8999997e-01 4.0451198e+00 
5.9500003e-01 4.0541363e+00 
6.0000002e-01 4.0635724e+00 
6.0500002e-01 4.0734253e+00 
6.1000001e-01 4.0836930e+00 
6.1500001e-01 4.0943723e+00 
6.2000000e-01 4.1054611e+00 
6.2500000e-01 4.1169562e+00 
6.3000000e-01 4.1288552e+00 
6.3499999e-01 4.1411548e+00 
6.3999999e-01 4.1538525e+00 
6.4499998e-01 4.1669445e+00 
6.4999998e-01 4.1804285e+00 
6.5499997e-01 4.1943016e+00 
6.6000003e-01 4.2085605e+00 
6.6500002e-01 4.2232013e+00 
6.7000002e-01 4.2382212e+00 
6.7500001e-01 4.2536173e+00 
6.8000001e-01 4.2693858e+00 
6.8500000e-01 4.2855239e+00 
6.9000000e-01 4.3020272e+00 
6.9499999e-01 4.3188930e+00 
6.9999999e-01 4.3361182e+00 
7.0499998e-01 4.3536983e+00 
7.0999998e-01 4.3716302e+00 
7.1499997e-01 4.3899107e+00 
7.2000003e-01 4.4085355e+00 
7.2500002e-01 4.4275022e+00 
7.3000002e-01 4.4468060e+00 
7.3500001e-01 4.4664440e+00 
7.4000001e-01 4.4864120e+00 
7.4500000e-01 4.5067067e+00 
7.5000000e-01 4.5273252e+00 
7.5500000e-01 4.5482631e+00 
7.5999999e-01 4.5695181e+00 
7.6499999e-01 4.5910845e+00 
7.6999998e-01 4.6129608e+00 
7.7499998e-01 4.6351428e+00 
7.7999997e-01 4.6576266e+00 
7.8500003e-01 4.6804094e+00 
7.9000002e-01 4.7034874e+00 
7.9500002e-01 4.7268572e+00 
8.0000001e-01 4.7505150e+00 
8.0500001e-01 4.7744579e+00 
8.1000000e-01 4.7986822e+00 
8.1500000e-01 4.8231854e+00 
8.1999999e-01 4.8479638e+00 
8.2499999e-01 4.8730130e+00 
8.2999998e-01 4.8983312e+00 
8.3499998e-01 4.9239140e+00 
8.3999997e-01 4.9497585e+00 
8.4500003e-01 4.9758625e+00 
8.5000002e-01 5.0022216e+00 
8.5500002e-01 5.0288339e+00 
8.6000001e-01 5.0556946e+00 
8.6500001e-01 5.0828018e+00 
8.7000000e-01 5.1101527e+00 
8.7500000e-01 5.1377430e+00 
8.8000000e-01 5.1655712e+00 
8.8499999e-01 5.1936336e+00 
8.8999999e-01 5.2219276e+00 
8.9499998e-01 5.2504497e+00 
8.9999998e-01 5.2791972e+00 
9.0499997e-01 5.3081679e+00 
9.1000003e-01 5.3373585e+00 
9.1500002e-01 5.3667665e+00 
9.2000002e-01 5.3963885e+00 
9.2500001e-01 5.4262223e+00 
9.3000001e-01 5.4562654e+00 
9.3500000e-01 5.4865155e+00 
9.4000000e-01 5.5169692e+00 
9.4499999e-01 5.5476246e+00 
9.4999999e-01 5.5784783e+00 
9.5499998e-01 5.6095290e+00 
9.5999998e-01 5.6407738e+00 
9.6499997e-01 5.6722093e+00 
9.7000003e-01 5.7038350e+00 
9.7500002e-01 5.7356467e+00 
9.8000002e-01 5.7676435e+00 
9.8500001e-01 5.7998223e+00 
9.9000001e-01 5.8321815e+00 
9.9500000e-01 5.8647175e+00 
1.0000000e+00 5.8974299e+00 
1.0050000e+00 5.9303150e+00 
1.0100000e+00 5.9633722e+00 
1.0150000e+00 5.9965982e+00 
1.0200000e+00 6.0299916e+00 
1.0250000e+00 6.0635500e+00 
1.0300000e+00 6.0972710e+00 
1.0350000e+00 6.1311541e+00 
1.0400000e+00 6.1651959e+00 
1.0450000e+00 6.1993947e+00 
1.0500000e+00 6.2337494e+00 
1.0549999e+00 6.2682571e+00 
1.0599999e+00 6.3029170e+00 
1.0650001e+00 6.3377266e+00 
1.0700001e+00 6.3726840e+00 
1.0750000e+00 6.4077883e+00 
1.0800000e+00 6.4430370e+00 
1.0850000e+00 6.4784288e+00 
1.0900000e+00 6.5139623e+00 
1.0950000e+00 6.5496345e+00 
1.1000000e+00 6.5854454e+00 
1.1050000e+00 6.6213918e+00 
1.1100000e+00 6.6574736e+00 
1.1150000e+00 6.6936893e+00 
1.1200000e+00 6.7300358e+00 
1.1250000e+00 6.7665129e+00 
1.1300000e+00 6.8031192e+00 
1.1350000e+00 6.8398523e+00 
1.1400000e+00 6.8767118e+00 
1.1450000e+00 6.9136953e+00 
1.1500000e+00 6.9508028e+00 
1.1550000e+00 6.9880309e+00 
1.1600000e+00 7.0253801e+00 
1.1650000e+00 7.0628481e+00 
1.1700000e+00 7.1004338e+00 
1.1750000e+00 7.1381359e+00 
1.1799999e+00 7.1759529e+00 
1.1849999e+00 7.2138844e+00 
1.1900001e+00 7.2519283e+00 
1.1950001e+00 7.2900829e+00 
1.2000000e+00 7.3283482e+00 
1.2050000e+00 7.3667226e+00 
1.2100000e+00 7.4052048e+00 
1.2150000e+00 7.4437933e+00 
1.2200000e+00 7.4824877e+00 
1.2200000e+00 5.6420889e+00 
1.2210000e+00 5.6435142e+00 
1.2220000e+00 5.6478481e+00 
1.2220000e+00 5.6397281e+00 
1.2230000e+00 5.6454749e+00 
1.2240000e+00 5.6512260e+00 
1.2240000e+00 5.6512260e+00 
1.2250000e+00 5.6569829e+00 
1.2260000e+00 5.6627440e+00 
1.2260000e+00 5.6627440e+00 
1.2280000e+00 5.6742816e+00 
1.2300000e+00 5.6858392e+00 
1.2320000e+00 5.6974168e+00 
1.2340000e+00 5.7090135e+00 
1.2359999e+00 5.7206292e+00 
1.2380000e+00 5.7322655e+00 
1.2400000e+00 5.7439208e+00 
1.2420000e+00 5.7555947e+00 
1.2440000e+00 5.7672887e+00 
1.2460001e+00 5.7790012e+00 
1.2480000e+00 5.7907333e+00 
1.2500000e+00 5.8024840e+00 
1.2520000e+00 5.8142538e+00 
1.2539999e+00 5.8260427e+00 
1.2560000e+00 5.8378496e+00 
1.2580000e+00 5.8496757e+00 
1.2600000e+00 5.8615203e+00 
1.2620000e+00 5.8733830e+00 
1.2640001e+00 5.8852644e+00 
1.2660000e+00 5.8971643e+00 
1.2680000e+00 5.9090819e+00 
1.2700000e+00 5.9210181e+00 
1.2720000e+00 5.9329724e+00 
1.2740000e+00 5.9449449e+00 
1.2760000e+00 5.9569349e+00 
1.2780000e+00 5.9689426e+00 
1.2800000e+00 5.9809690e+00 
1.2819999e+00 5.9930124e+00 
1.2840000e+00 6.0050740e+00 
1.2860000e+00 6.0171528e+00 
1.2880000e+00 6.0292492e+00 
1.2900000e+00 6.0413628e+00 
1.2920001e+00 6.0534940e+00 
1.2940000e+00 6.0656424e+00 
1.2960000e+00 6.0778079e+00 
1.2980000e+00 6.0899906e+00 
1.3000000e+00 6.1021905e+00 
1.3020000e+00 6.1144075e+00 
1.3040000e+00 6.1266413e+00 
1.3060000e+00 6.1388917e+00 
1.3080000e+00 6.1511593e+00 
1.3099999e+00 6.1634436e+00 
1.3120000e+00 6.1757445e+00 
1.3140000e+00 6.1880617e+00 
1.3160000e+00 6.2003956e+00 
1.3180000e+00 6.2127457e+00 
1.3200001e+00 6.2251129e+00 
1.3220000e+00 6.2374959e+00 
1.3240000e+00 6.2498951e+00 
1.3260000e+00 6.2623110e+00 
1.3279999e+00 6.2747426e+00 
1.3300000e+00 6.2871900e+00 
1.3320000e+00 6.2996540e+00 
1.3340000e+00 6.3121338e+00 
1.3360000e+00 6.3246293e+00 
1.3380001e+00 6.3371406e+00 
1.3400000e+00 6.3496680e+00 
1.3420000e+00 6.3622103e+00 
1.3440000e+00 6.3747687e+00 
1.3460000e+00 6.3873429e+00 
1.3480000e+00 6.3999329e+00 
1.3500000e+00 6.4125371e+00 
1.3520000e+00 6.4251575e+00 
1.3540000e+00 6.4377933e+00 
1.3559999e+00 6.4504442e+00 
1.3580000e+00 6.4631104e+00 
1.3600000e+00 6.4757915e+00 
1.3620000e+00 6.4884877e+00 
1.3640000e+00 6.5011988e+00 
1.3660001e+00 6.5139246e+00 
1.3680000e+00 6.5266662e+00 
1.3700000e+00 6.5394220e+00 
1.3720000e+00 6.5521922e+00 
1.3740000e+00 6.5649781e+00 
1.3760000e+00 6.5777779e+00 
1.3780000e+00 6.5905929e+00 
1.3800000e+00 6.6034217e+00 
1.3820000e+00 6.6162653e+00 
1.3839999e+00 6.6291232e+00 
1.3860000e+00 6.6419959e+00 
1.3880000e+00 6.6548829e+00 
1.3900000e+00 6.6677833e+00 
1.3920000e+00 6.6806989e+00 
1.3940001e+00 6.6936283e+00 
1.3960000e+00 6.7065716e+00 
1.3980000e+00 6.7195296e+00 
1.4000000e+00 6.7325010e+00 
1.4020000e+00 6.7454867e+00 
1.4040000e+00 6.7584858e+00 
1.4060000e+00 6.7714987e+00 
1.4080000e+00 6.7845263e+00 
1.4100000e+00 6.7980213e+00 
1.4119999e+00 6.8124423e+00 
1.4140000e+00 6.8277888e+00 
1.4160000e+00 6.8440642e+00 
1.4180000e+00 6.8612704e+00 
1.4200000e+00 6.8794093e+00 
1.4220001e+00 6.8984838e+00 
1.4240000e+00 6.9184961e+00 
1.4260000e+00 6.9394488e+00 
1.4280000e+00 6.9613447e+00 
1.4299999e+00 6.9841862e+00 
1.4320000e+00 7.0079775e+00 
1.4340000e+00 7.0327206e+00 
1.4360000e+00 7.0584188e+00 
1.4380000e+00 7.0850759e+00 
1.4400001e+00 7.1126957e+00 
1.4420000e+00 7.1412811e+00 
1.4440000e+00 7.1708360e+00 
1.4460000e+00 7.2013645e+00 
1.4480000e+00 7.2328711e+00 
1.4500000e+00 7.2653589e+00 
1.4520000e+00 7.2988329e+00 
1.4540000e+00 7.3332973e+00 
1.4560000e+00 7.3687563e+00 
1.4579999e+00 7.4052153e+00 
1.4600000e+00 7.4426789e+00 
1.4620000e+00 7.4811516e+00 
1.4640000e+00 7.5206389e+00 
1.4660000e+00 7.5611458e+00 
1.4680001e+00 7.6026778e+00 
1.4700000e+00 7.6452398e+00 
1.4720000e+00 7.6888390e+00 
1.4740000e+00 7.7334795e+00 
1.4760000e+00 7.7791681e+00 
1.4780000e+00 7.8259101e+00 
1.4800000e+00 7.8737121e+00 
1.4820000e+00 7.9225812e+00 
1.4840000e+00 7.9725227e+00 
1.4859999e+00 8.0235434e+00 
1.4880000e+00 8.0756512e+00 
1.4900000e+00 8.1288509e+00 
1.4920000e+00 8.1831512e+00 
1.4940000e+00 8.2385597e+00 
1.4960001e+00 8.2950821e+00 
1.4980000e+00 8.3527269e+00 
1.5000000e+00 8.4115019e+00 
1.5020000e+00 8.4714146e+00 
1.5039999e+00 8.5324726e+00 
1.5060000e+00 8.5946846e+00 
1.5080000e+00 8.6580591e+00 
1.5100000e+00 8.7226028e+00 
1.5120000e+00 8.7883272e+00 
1.5140001e+00 8.8552380e+00 
1.5160000e+00 8.9233456e+00 
1.5180000e+00 8.9926586e+00 
1.5200000e+00 9.0631876e+00 
1.5220000e+00 9.1349411e+00 
1.5240000e+00 9.2079277e+00 
1.5260000e+00 9.2821579e+00 
1.5280000e+00 9.3576412e+00 
1.5300000e+00 9.4343891e+00 
1.5319999e+00 9.5124092e+00 
1.5340000e+00 9.5917149e+00 
1.5360000e+00 9.6723146e+00 
1.5380000e+00 9.7542200e+00 
1.5400000e+00 9.8374414e+00 
1.5420001e+00 9.9219904e+00 
1.5440000e+00 1.0007878e+01 
1.5460000e+00 1.0095116e+01 
1.5480000e+00 1.0183716e+01 
1.5520000e+00 1.0362302e+01 
1.5560000e+00 1.0540924e+01 
1.5599999e+00 1.0719580e+01 
1.5640000e+00 1.0898270e+01 
1.5680000e+00 1.1076992e+01 
1.5720000e+00 1.1255750e+01 
1.5760000e+00 1.1434539e+01 
1.5800000e+00 1.1613360e+01 
1.5840000e+00 1.1792214e+01 
1.5880001e+00 1.1971100e+01 
1.5920000e+00 1.2150018e+01 
1.5960000e+00 1.2328966e+01 
1.6000000e+00 1.2507945e+01 
1.6040000e+00 1.2686955e+01 
1.6080000e+00 1.2865996e+01 
1.6120000e+00 1.3045066e+01 
1.6160001e+00 1.3224167e+01 
1.6200000e+00 1.3403296e+01 
1.6240000e+00 1.3582456e+01 
1.6280000e+00 1.3761644e+01 
1.6320000e+00 1.3940862e+01 
1.6360000e+00 1.4120108e+01 
1.6400000e+00 1.4299382e+01 
1.6420000e+00 1.4387610e+01 
1.6440001e+00 1.4472994e+01 
1.6460000e+00 1.4555515e+01 
1.6480000e+00 1.4635160e+01 
1.6500000e+00 1.4711911e+01 
1.6520000e+00 1.4785752e+01 
1.6540000e+00 1.4856672e+01 
1.6560000e+00 1.4924653e+01 
1.6580000e+00 1.4989682e+01 
1.6600000e+00 1.5051748e+01 
1.6619999e+00 1.5110838e+01 
1.6640000e+00 1.5166940e+01 
1.6660000e+00 1.5220043e+01 
1.6680000e+00 1.5270136e+01 
1.6700000e+00 1.5317210e+01 
1.6720001e+00 1.5361254e+01 
1.6740000e+00 1.5402262e+01 
1.6760000e+00 1.5440223e+01 
1.6780000e+00 1.5475132e+01 
1.6799999e+00 1.5506980e+01 
1.6820000e+00 1.5535762e+01 
1.6840000e+00 1.5561471e+01 
1.6860000e+00 1.5584104e+01 
1.6880000e+00 1.5603654e+01 
1.6900001e+00 1.5620120e+01 
1.6920000e+00 1.5633495e+01 
1.6940000e+00 1.5643781e+01 
1.6960000e+00 1.5650972e+01 
1.6980000e+00 1.5655070e+01 
1.7000000e+00 1.5656071e+01 
1.7020000e+00 1.5653977e+01 
1.7040000e+00 1.5648786e+01 
1.7060000e+00 1.5640503e+01 
1.7079999e+00 1.5629126e+01 
1.7100000e+00 1.5614658e+01 
1.7120000e+00 1.5597104e+01 
1.7140000e+00 1.5576466e+01 
1.7160000e+00 1.5552748e+01 
1.7180001e+00 1.5525956e+01 
1.7200000e+00 1.5496093e+01 
1.7220000e+00 1.5463167e+01 
1.7240000e+00 1.5427183e+01 
1.7260000e+00 1.5388150e+01 
1.7280000e+00 1.5346075e+01 
1.7300000e+00 1.5300966e+01 
1.7320000e+00 1.5252832e+01 
1.7340000e+00 1.5201684e+01 
1.7359999e+00 1.5147530e+01 
1.7380000e+00 1.5090383e+01 
1.7400000e+00 1.5030252e+01 
1.7420000e+00 1.4967151e+01 
1.7440000e+00 1.4901092e+01 
1.7460001e+00 1.4832088e+01 
1.7480000e+00 1.4760153e+01 
1.7500000e+00 1.4685300e+01 
1.7520000e+00 1.4607547e+01 
1.7539999e+00 1.4526906e+01 
1.7560000e+00 1.4443396e+01 
1.7580000e+00 1.4357031e+01 
1.7600000e+00 1.4267830e+01 
1.7620000e+00 1.4175811e+01 
1.7640001e+00 1.4080991e+01 
1.7660000e+00 1.3983390e+01 
1.7680000e+00 1.3883027e+01 
1.7700000e+00 1.3779922e+01 
1.7720000e+00 1.3674097e+01 
1.7740000e+00 1.3565570e+01 
1.7760000e+00 1.3454366e+01 
1.7780000e+00 1.3340504e+01 
1.7800000e+00 1.3224010e+01 
1.7840000e+00 1.2988423e+01 
1.7880000e+00 1.2752879e+01 
1.7920001e+00 1.2517382e+01 
1.7960000e+00 1.2281929e+01 
1.8000000e+00 1.2046525e+01 
1.8040000e+00 1.1811171e+01 
1.8080000e+00 1.1575867e+01 
1.8120000e+00 1.1340615e+01 
1.8160000e+00 1.1105418e+01 
1.8200001e+00 1.0870277e+01 
1.8240000e+00 1.0635194e+01 
1.8279999e+00 1.0400170e+01 
1.8320000e+00 1.0165209e+01 
1.8360000e+00 9.9303122e+00 
1.8400000e+00 9.6954803e+00 
1.8440000e+00 9.4607172e+00 
1.8480000e+00 9.2260246e+00 
1.8520000e+00 8.9914045e+00 
1.8559999e+00 8.7568598e+00 
1.8600000e+00 8.5223942e+00 
1.8640000e+00 8.2880077e+00 
1.8680000e+00 8.0537062e+00 
1.8720000e+00 7.8194904e+00 
1.8740000e+00 7.7033353e+00 
1.8760000e+00 7.5890255e+00 
1.8780000e+00 7.4765334e+00 
1.8800000e+00 7.3658333e+00 
1.8820000e+00 7.2568994e+00 
1.8839999e+00 7.1497064e+00 
1.8860000e+00 7.0442281e+00 
1.8880000e+00 6.9404421e+00 
1.8900000e+00 6.8383231e+00 
1.8920000e+00 6.7378478e+00 
1.8940001e+00 6.6389928e+00 
1.8960000e+00 6.5417352e+00 
1.8980000e+00 6.4460521e+00 
1.9000000e+00 6.3519216e+00 
1.9020000e+00 6.2593226e+00 
1.9040000e+00 6.1682329e+00 
1.9060000e+00 6.0786314e+00 
1.9080000e+00 5.9904985e+00 
1.9100000e+00 5.9038129e+00 
1.9119999e+00 5.8185554e+00 
1.9140000e+00 5.7347054e+00 
1.9160000e+00 5.6522441e+00 
1.9180000e+00 5.5711536e+00 
1.9200000e+00 5.4914136e+00 
1.9220001e+00 5.4130068e+00 
1.9240000e+00 5.3359160e+00 
1.9260000e+00 5.2601218e+00 
1.9280000e+00 5.1856089e+00 
1.9299999e+00 5.1123586e+00 
1.9320000e+00 5.0403557e+00 
1.9340000e+00 4.9695826e+00 
1.9360000e+00 4.9000244e+00 
1.9380000e+00 4.8316646e+00 
1.9400001e+00 4.7644882e+00 
1.9420000e+00 4.6984801e+00 
1.9440000e+00 4.6336255e+00 
1.9460000e+00 4.5699096e+00 
1.9480000e+00 4.5073180e+00 
1.9500000e+00 4.4458375e+00 
1.9520000e+00 4.3854542e+00 
1.9540000e+00 4.3261542e+00 
1.9560000e+00 4.2679248e+00 
1.9579999e+00 4.2107530e+00 
1.9600000e+00 4.1546268e+00 
1.9620000e+00 4.0995331e+00 
1.9640000e+00 4.0454602e+00 
1.9660000e+00 3.9923968e+00 
1.9680001e+00 3.9403312e+00 
1.9700000e+00 3.8892519e+00 
1.9720000e+00 3.8391480e+00 
1.9740000e+00 3.7900090e+00 
1.9760000e+00 3.7418246e+00 
1.9780000e+00 3.6945841e+00 
1.9800000e+00 3.6482778e+00 
1.9820000e+00 3.6028965e+00 
1.9840000e+00 3.5584300e+00 
1.9859999e+00 3.5148695e+00 
1.9880000e+00 3.4722059e+00 
1.9900000e+00 3.4304309e+00 
1.9920000e+00 3.3895354e+00 
1.9940000e+00 3.3495116e+00 
1.9960001e+00 3.3103516e+00 
1.9980000e+00 3.2720473e+00 
2.0000000e+00 3.2345915e+00 
2.0020001e+00 3.1979768e+00 
2.0039999e+00 3.1621962e+00 
2.0060000e+00 3.1272426e+00 
2.0079999e+00 3.0931096e+00 
2.0100000e+00 3.0597911e+00 
2.0120001e+00 3.0272808e+00 
2.0139999e+00 2.9952159e+00 
2.0160000e+00 2.9632390e+00 
2.0179999e+00 2.9313514e+00 
2.0200000e+00 2.8995562e+00 
2.0220001e+00 2.8678544e+00 
2.0239999e+00 2.8362482e+00 
2.0260000e+00 2.8047400e+00 
2.0280001e+00 2.7733316e+00 
2.0300000e+00 2.7420256e+00 
2.0320001e+00 2.7108243e+00 
2.0339999e+00 2.6797299e+00 
2.0360000e+00 2.6487451e+00 
2.0380001e+00 2.6178720e+00 
2.0400000e+00 2.5871146e+00 
2.0420001e+00 2.5564744e+00 
2.0439999e+00 2.5259550e+00 
2.0460000e+00 2.4955595e+00 
2.0480001e+00 2.4652908e+00 
2.0500000e+00 2.4351525e+00 
2.0520000e+00 2.4051480e+00 
2.0539999e+00 2.3752806e+00 
2.0560000e+00 2.3455546e+00 
2.0580001e+00 2.3159733e+00 
2.0599999e+00 2.2865412e+00 
2.0620000e+00 2.2572627e+00 
2.0639999e+00 2.2281415e+00 
2.0660000e+00 2.1991827e+00 
2.0680001e+00 2.1703911e+00 
2.0699999e+00 2.1417718e+00 
2.0720000e+00 2.1133299e+00 
2.0739999e+00 2.0850708e+00 
2.0760000e+00 2.0570006e+00 
2.0780001e+00 2.0291250e+00 
2.0799999e+00 2.0014501e+00 
2.0820000e+00 1.9739829e+00 
2.0840001e+00 1.9467301e+00 
2.0860000e+00 1.9196988e+00 
2.0880001e+00 1.8928965e+00 
2.0899999e+00 1.8663309e+00 
2.0920000e+00 1.8400102e+00 
2.0940001e+00 1.8139430e+00 
2.0960000e+00 1.7881380e+00 
2.0980000e+00 1.7626048e+00 
2.0999999e+00 1.7373528e+00 
2.1020000e+00 1.7123923e+00 
2.1040001e+00 1.6877340e+00 
2.1059999e+00 1.6633891e+00 
2.1080000e+00 1.6393692e+00 
2.1099999e+00 1.6156869e+00 
2.1120000e+00 1.5923545e+00 
2.1129999e+00 1.5808237e+00 
2.1150000e+00 1.5580415e+00 
2.1170001e+00 1.5356432e+00 
2.1190000e+00 1.5136439e+00 
2.1210001e+00 1.4920584e+00 
2.1229999e+00 1.4709024e+00 
2.1250000e+00 1.4501925e+00 
2.1270001e+00 1.4299450e+00 
2.1289999e+00 1.4101777e+00 
2.1310000e+00 1.3909085e+00 
2.1329999e+00 1.3721560e+00 
2.1350000e+00 1.3539391e+00 
2.1370001e+00 1.3362771e+00 
2.1389999e+00 1.3191900e+00 
2.1410000e+00 1.3026980e+00 
2.1429999e+00 1.2868215e+00 
2.1450000e+00 1.2715809e+00 
2.1470001e+00 1.2569971e+00 
2.1489999e+00 1.2430910e+00 
2.1510000e+00 1.2298832e+00 
2.1530001e+00 1.2173945e+00 
2.1550000e+00 1.2056451e+00 
2.1570001e+00 1.1946547e+00 
2.1589999e+00 1.1844428e+00 
2.1610000e+00 1.1750281e+00 
2.1630001e+00 1.1664283e+00 
2.1650000e+00 1.1586607e+00 
2.1670001e+00 1.1517413e+00 
2.1689999e+00 1.1456847e+00 
2.1710000e+00 1.1405047e+00 
2.1730001e+00 1.1362131e+00 
2.1750000e+00 1.1328201e+00 
2.1770000e+00 1.1303344e+00 
2.1789999e+00 1.1287621e+00 
2.1810000e+00 1.1281083e+00 
2.1830001e+00 1.1283751e+00 
2.1849999e+00 1.1295630e+00 
2.1870000e+00 1.1316704e+00 
2.1889999e+00 1.1346933e+00 
2.1910000e+00 1.1386257e+00 
2.1930001e+00 1.1434600e+00 
2.1949999e+00 1.1491861e+00 
2.1970000e+00 1.1557926e+00 
2.1989999e+00 1.1632661e+00 
2.2010000e+00 1.1715918e+00 
2.2030001e+00 1.1807536e+00 
2.2049999e+00 1.1907343e+00 
2.2070000e+00 1.2015150e+00 
2.2090001e+00 1.2130766e+00 
2.2110000e+00 1.2253994e+00 
2.2130001e+00 1.2384623e+00 
2.2149999e+00 1.2522444e+00 
2.2170000e+00 1.2667243e+00 
2.2190001e+00 1.2818807e+00 
2.2210000e+00 1.2976922e+00 
2.2230000e+00 1.3141371e+00 
2.2249999e+00 1.3311942e+00 
2.2270000e+00 1.3488426e+00 
2.2290001e+00 1.3670614e+00 
2.2309999e+00 1.3858303e+00 
2.2330000e+00 1.4051294e+00 
2.2349999e+00 1.4249395e+00 
2.2370000e+00 1.4452416e+00 
2.2390001e+00 1.4660175e+00 
2.2409999e+00 1.4872491e+00 
2.2430000e+00 1.5089195e+00 
2.2449999e+00 1.5310122e+00 
2.2470000e+00 1.5535107e+00 
2.2490001e+00 1.5763999e+00 
2.2509999e+00 1.5996650e+00 
2.2530000e+00 1.6232919e+00 
2.2550001e+00 1.6472667e+00 
2.2570000e+00 1.6715765e+00 
2.2590001e+00 1.6962087e+00 
2.2609999e+00 1.7211511e+00 
2.2630000e+00 1.7463924e+00 
2.2650001e+00 1.7719213e+00 
2.2670000e+00 1.7977273e+00 
2.2690001e+00 1.8238003e+00 
2.2709999e+00 1.8501308e+00 
2.2730000e+00 1.8767093e+00 
2.2750001e+00 1.9035273e+00 
2.2770000e+00 1.9305761e+00 
2.2790000e+00 1.9578475e+00 
2.2809999e+00 1.9853339e+00 
2.2830000e+00 2.0130279e+00 
2.2850001e+00 2.0409224e+00 
2.2869999e+00 2.0690110e+00 
2.2890000e+00 2.0972865e+00 
2.2909999e+00 2.1257434e+00 
2.2930000e+00 2.1543753e+00 
2.2950001e+00 2.1831772e+00 
2.2969999e+00 2.2121434e+00 
2.2990000e+00 2.2412686e+00 
2.3010001e+00 2.2705483e+00 
2.3030000e+00 2.2999773e+00 
2.3050001e+00 2.3295512e+00 
2.3069999e+00 2.3592658e+00 
2.3090000e+00 2.3891168e+00 
2.3110001e+00 2.4191000e+00 
2.3130000e+00 2.4492121e+00 
2.3150001e+00 2.4794490e+00 
2.3169999e+00 2.5098076e+00 
2.3190000e+00 2.5402839e+00 
2.3210001e+00 2.5708749e+00 
2.3230000e+00 2.6015778e+00 
2.3250000e+00 2.6323888e+00 
2.3269999e+00 2.6633060e+00 
2.3290000e+00 2.6943257e+00 
2.3310001e+00 2.7254460e+00 
2.3329999e+00 2.7566636e+00 
2.3350000e+00 2.7879765e+00 
2.3369999e+00 2.8193822e+00 
2.3390000e+00 2.8508782e+00 
2.3410001e+00 2.8824627e+00 
2.3429999e+00 2.9141331e+00 
2.3450000e+00 2.9458876e+00 
2.3469999e+00 2.9777241e+00 
2.3490000e+00 3.0096409e+00 
2.3510001e+00 3.0416360e+00 
2.3529999e+00 3.0737076e+00 
2.3550000e+00 3.1058540e+00 
2.3570001e+00 3.1380734e+00 
2.3590000e+00 3.1703649e+00 
2.3610001e+00 3.2027259e+00 
2.3629999e+00 3.2351556e+00 
2.3650000e+00 3.2676520e+00 
2.3670001e+00 3.3002148e+00 
2.3690000e+00 3.3328412e+00 
2.3710001e+00 3.3655310e+00 
2.3729999e+00 3.3982821e+00 
2.3750000e+00 3.4310937e+00 
2.3770001e+00 3.4639647e+00 
2.3789999e+00 3.4968934e+00 
2.3810000e+00 3.5298793e+00 
2.3829999e+00 3.5629210e+00 
2.3850000e+00 3.5960174e+00 
2.3870001e+00 3.6291676e+00 
2.3889999e+00 3.6623704e+00 
2.3910000e+00 3.6956251e+00 
2.3929999e+00 3.7289305e+00 
2.3950000e+00 3.7622857e+00 
2.3970001e+00 3.7956898e+00 
2.3989999e+00 3.8291423e+00 
2.4010000e+00 3.8626420e+00 
2.4030001e+00 3.8961880e+00 
2.4050000e+00 3.9297798e+00 
2.4070001e+00 3.9634163e+00 
2.4089999e+00 3.9970968e+00 
2.4110000e+00 4.0308208e+00 
2.4130001e+00 4.0645876e+00 
2.4150000e+00 4.0983963e+00 
2.4170001e+00 4.1322460e+00 
2.4189999e+00 4.1661363e+00 
2.4210000e+00 4.2000670e+00 
2.4230001e+00 4.2340369e+00 
2.4250000e+00 4.2680454e+00 
2.4270000e+00 4.3020921e+00 
2.4289999e+00 4.3361759e+00 
2.4310000e+00 4.3702974e+00 
2.4330001e+00 4.4044547e+00 
2.4349999e+00 4.4386482e+00 
2.4370000e+00 4.4728765e+00 
2.4389999e+00 4.5071397e+00 
2.4410000e+00 4.5414376e+00 
2.4430001e+00 4.5757689e+00 
2.4449999e+00 4.6101336e+00 
2.4470000e+00 4.6445317e+00 
2.4489999e+00 4.6789613e+00 
2.4510000e+00 4.7134237e+00 
2.4530001e+00 4.7479172e+00 
2.4549999e+00 4.7824416e+00 
2.4570000e+00 4.8169966e+00 
2.4590001e+00 4.8515821e+00 
2.4610000e+00 4.8861971e+00 
2.4630001e+00 4.9208417e+00 
2.4649999e+00 4.9555149e+00 
2.4670000e+00 4.9902172e+00 
2.4690001e+00 5.0249476e+00 
2.4710000e+00 5.0597062e+00 
2.4730000e+00 5.0944920e+00 
2.4749999e+00 5.1293049e+00 
2.4770000e+00 5.1641445e+00 
2.4790001e+00 5.1990108e+00 
2.4809999e+00 5.2339034e+00 
2.4830000e+00 5.2688222e+00 
2.4849999e+00 5.3037658e+00 
2.4870000e+00 5.3387351e+00 
2.4890001e+00 5.3737288e+00 
2.4909999e+00 5.4087477e+00 
2.4930000e+00 5.4437904e+00 
2.4949999e+00 5.4788570e+00 
2.4970000e+00 5.5139480e+00 
2.4990001e+00 5.5490623e+00 
2.5009999e+00 5.5841990e+00 
2.5030000e+00 5.6193590e+00 
2.5050001e+00 5.6545424e+00 
2.5070000e+00 5.6897478e+00 
2.5090001e+00 5.7249751e+00 
2.5109999e+00 5.7602239e+00 
2.5130000e+00 5.7954950e+00 
2.5150001e+00 5.8307872e+00 
2.5170000e+00 5.8661003e+00 
2.5190001e+00 5.9014349e+00 
2.5209999e+00 5.9367905e+00 
2.5230000e+00 5.9721661e+00 
2.5250001e+00 6.0075622e+00 
2.5270000e+00 6.0429778e+00 
2.5290000e+00 6.0784135e+00 
2.5309999e+00 6.1138687e+00 
2.5330000e+00 6.1493435e+00 
2.5350001e+00 6.1848378e+00 
2.5369999e+00 6.2203507e+00 
2.5390000e+00 6.2558827e+00 
2.5409999e+00 6.2914333e+00 
2.5430000e+00 6.3270025e+00 
2.5450001e+00 6.3625894e+00 
2.5469999e+00 6.3981948e+00 
2.5490000e+00 6.4338179e+00 
2.5510001e+00 6.4694591e+00 
2.5530000e+00 6.5051179e+00 
2.5550001e+00 6.5407934e+00 
2.5569999e+00 6.5764871e+00 
2.5590000e+00 6.6121969e+00 
2.5610001e+00 6.6479239e+00 
2.5630000e+00 6.6836677e+00 
2.5650001e+00 6.7194281e+00 
2.5669999e+00 6.7552047e+00 
2.5690000e+00 6.7909975e+00 
2.5710001e+00 6.8268070e+00 
2.5730000e+00 6.8626313e+00 
2.5750000e+00 6.8984728e+00 
2.5769999e+00 6.9343290e+00 
2.5790000e+00 6.9702010e+00 
2.5810001e+00 7.0060883e+00 
2.5829999e+00 7.0419908e+00 
2.5850000e+00 7.0779085e+00 
2.5869999e+00 7.1138415e+00 
2.5890000e+00 7.1497884e+00 
2.5910001e+00 7.1857510e+00 
2.5929999e+00 7.2217278e+00 
2.5950000e+00 7.2577186e+00 
2.5969999e+00 7.2937245e+00 
2.5990000e+00 7.3297439e+00 
2.6010001e+00 7.3657775e+00 
2.6029999e+00 7.4018254e+00 
2.6050000e+00 7.4378867e+00 
2.6070001e+00 7.4739618e+00 
2.6090000e+00 7.5100508e+00 
2.6110001e+00 7.5461531e+00 
2.6129999e+00 7.5822682e+00 
2.6150000e+00 7.6183972e+00 
2.6170001e+00 7.6545386e+00 
2.6190000e+00 7.6906943e+00 
2.6210001e+00 7.7268620e+00 
2.6229999e+00 7.7630424e+00 
2.6250000e+00 7.7992363e+00 
2.6270001e+00 7.8354421e+00 
2.6289999e+00 7.8716602e+00 
2.6310000e+00 7.9078918e+00 
2.6329999e+00 7.9441342e+00 
2.6350000e+00 7.9803896e+00 
2.6370001e+00 8.0166569e+00 
2.6389999e+00 8.0529366e+00 
2.6410000e+00 8.0892277e+00 
2.6429999e+00 8.1255312e+00 
2.6450000e+00 8.1618452e+00 
2.6470001e+00 8.1981726e+00 
2.6489999e+00 8.2345104e+00 
2.6510000e+00 8.2708597e+00 
2.6530001e+00 8.3072214e+00 
2.6550000e+00 8.3435936e+00 
2.6570001e+00 8.3799763e+00 
2.6589999e+00 8.4163704e+00 
2.6610000e+00 8.4527760e+00 
2.6630001e+00 8.4891920e+00 
2.6650000e+00 8.5256205e+00 
2.6670001e+00 8.5620584e+00 
2.6689999e+00 8.5985069e+00 
2.6710000e+00 8.6349659e+00 
2.6730001e+00 8.6714354e+00 
2.6750000e+00 8.7079153e+00 
2.6770000e+00 8.7444067e+00 
2.6789999e+00 8.7809076e+00 
2.6810000e+00 8.8174181e+00 
2.6830001e+00 8.8539391e+00 
2.6849999e+00 8.8904715e+00 
2.6870000e+00 8.9270124e+00 
2.6889999e+00 8.9635639e+00 
2.6910000e+00 9.0001240e+00 
2.6930001e+00 9.0366955e+00 
2.6949999e+00 9.0732765e+00 
2.6970000e+00 9.1098671e+00 
2.6989999e+00 9.1464663e+00 
2.7010000e+00 9.1830750e+00 
2.7030001e+00 9.2196951e+00 
2.7049999e+00 9.2563229e+00 
2.7070000e+00 9.2929602e+00 
2.7090001e+00 9.3296070e+00 
2.7110000e+00 9.3662624e+00 
2.7130001e+00 9.4029284e+00 
2.7149999e+00 9.4396029e+00 
2.7170000e+00 9.4762850e+00 
2.7190001e+00 9.5129776e+00 
2.7210000e+00 9.5496778e+00 
2.7230000e+00 9.5863886e+00 
2.7249999e+00 9.6231070e+00 
2.7270000e+00 9.6598339e+00 
2.7290001e+00 9.6965704e+00 
2.7309999e+00 9.7333145e+00 
2.7330000e+00 9.7700682e+00 
2.7349999e+00 9.8068295e+00 
2.7370000e+00 9.8436003e+00 
2.7390001e+00 9.8803778e+00 
2.7409999e+00 9.9171648e+00 
2.7430000e+00 9.9539595e+00 
2.7449999e+00 9.9907627e+00 
2.7470000e+00 1.0027575e+01 
2.7490001e+00 1.0064394e+01 
2.7509999e+00 1.0101221e+01 
2.7530000e+00 1.0138057e+01 
2.7550001e+00 1.0174900e+01 
2.7570000e+00 1.0211752e+01 
2.7590001e+00 1.0248610e+01 
2.7609999e+00 1.0285478e+01 
2.7630000e+00 1.0322352e+01 
2.7650001e+00 1.0359235e+01 
2.7670000e+00 1.0396126e+01 
2.7690001e+00 1.0433023e+01 
2.7709999e+00 1.0469930e+01 
2.7730000e+00 1.0506843e+01 
2.7750001e+00 1.0543762e+01 
2.7770000e+00 1.0580689e+01 
2.7790000e+00 1.0617625e+01 
2.7809999e+00 1.0654568e+01 
2.7830000e+00 1.0691518e+01 
2.7850001e+00 1.0728475e+01 
2.7869999e+00 1.0765439e+01 
2.7890000e+00 1.0802410e+01 
2.7909999e+00 1.0839389e+01 
2.7930000e+00 1.0876374e+01 
2.7950001e+00 1.0913367e+01 
2.7969999e+00 1.0950367e+01 
2.7990000e+00 1.0987373e+01 
2.8010001e+00 1.1024386e+01 
2.8030000e+00 1.1061408e+01 
2.8050001e+00 1.1098434e+01 
2.8069999e+00 1.1135468e+01 
2.8090000e+00 1.1172510e+01 
2.8110001e+00 1.1209557e+01 
2.8130000e+00 1.1246612e+01 
2.8150001e+00 1.1283671e+01 
2.8169999e+00 1.1320739e+01 
2.8190000e+00 1.1357813e+01 
2.8210001e+00 1.1394894e+01 
2.8230000e+00 1.1431981e+01 
2.8250000e+00 1.1469073e+01 
2.8269999e+00 1.1506174e+01 
2.8290000e+00 1.1543281e+01 
2.8310001e+00 1.1580393e+01 
2.8329999e+00 1.1617512e+01 
2.8350000e+00 1.1654636e+01 
2.8369999e+00 1.1691768e+01 
2.8390000e+00 1.1728905e+01 
2.8410001e+00 1.1766049e+01 
2.8429999e+00 1.1803199e+01 
2.8450000e+00 1.1840355e+01 
2.8469999e+00 1.1877517e+01 
2.8490000e+00 1.1914685e+01 
2.8510001e+00 1.1951859e+01 
2.8529999e+00 1.1989039e+01 
2.8550000e+00 1.2026225e+01 
2.8570001e+00 1.2063416e+01 
2.8590000e+00 1.2100615e+01 
2.8610001e+00 1.2137818e+01 
2.8629999e+00 1.2175028e+01 
2.8650000e+00 1.2212243e+01 
2.8670001e+00 1.2249464e+01 
2.8690000e+00 1.2286690e+01 
2.8710001e+00 1.2323922e+01 
2.8729999e+00 1.2361160e+01 
2.8750000e+00 1.2398404e+01 
2.8770001e+00 1.2435654e+01 
2.8789999e+00 1.2472908e+01 
2.8810000e+00 1.2510168e+01 
2.8829999e+00 1.2547434e+01 
2.8850000e+00 1.2584706e+01 
2.8870001e+00 1.2621982e+01 
2.8889999e+00 1.2659265e+01 
2.8910000e+00 1.2696552e+01 
2.8929999e+00 1.2733845e+01 
2.8950000e+00 1.2771144e+01 
2.8970001e+00 1.2808447e+01 
2.8989999e+00 1.2845756e+01 
2.9010000e+00 1.2883070e+01 
2.9030001e+00 1.2920389e+01 
2.9050000e+00 1.2957713e+01 
2.9070001e+00 1.2995043e+01 
2.9089999e+00 1.3032377e+01 
2.9110000e+00 1.3069718e+01 
2.9130001e+00 1.3107063e+01 
2.9150000e+00 1.3144413e+01 
2.9170001e+00 1.3181768e+01 
2.9189999e+00 1.3219129e+01 
2.9210000e+00 1.3256494e+01 
2.9221001e+00 1.3277046e+01 
2.9240999e+00 1.3357996e+01 
2.9261000e+00 1.3437564e+01 
2.9281001e+00 1.3515719e+01 
2.9301000e+00 1.3592432e+01 
2.9321001e+00 1.3667671e+01 
2.9340999e+00 1.3741405e+01 
2.9361000e+00 1.3813608e+01 
2.9381001e+00 1.3884248e+01 
2.9401000e+00 1.3953299e+01 
2.9421000e+00 1.4020729e+01 
2.9440999e+00 1.4086514e+01 
2.9461000e+00 1.4150627e+01 
2.9481001e+00 1.4213040e+01 
2.9500999e+00 1.4273729e+01 
2.9521000e+00 1.4332667e+01 
2.9540999e+00 1.4389831e+01 
2.9561000e+00 1.4445195e+01 
2.9581001e+00 1.4498736e+01 
2.9600999e+00 1.4550433e+01 
2.9621000e+00 1.4600264e+01 
2.9640999e+00 1.4648204e+01 
2.9661000e+00 1.4694234e+01 
2.9681001e+00 1.4738335e+01 
2.9700999e+00 1.4780485e+01 
2.9721000e+00 1.4820666e+01 
2.9741001e+00 1.4858860e+01 
2.9761000e+00 1.4895048e+01 
2.9781001e+00 1.4929214e+01 
2.9800999e+00 1.4961342e+01 
2.9821000e+00 1.4991416e+01 
2.9841001e+00 1.5019421e+01 
2.9861000e+00 1.5045342e+01 
2.9881001e+00 1.5069167e+01 
2.9900999e+00 1.5090882e+01 
2.9921000e+00 1.5110475e+01 
2.9941001e+00 1.5127935e+01 
2.9960999e+00 1.5143252e+01 
2.9981000e+00 1.5156414e+01 
3.0000999e+00 1.5167415e+01 
3.0021000e+00 1.5176242e+01 
3.0041001e+00 1.5182891e+01 
3.0060999e+00 1.5187354e+01 
3.0081000e+00 1.5189625e+01 
3.0100999e+00 1.5189696e+01 
3.0121000e+00 1.5187566e+01 
3.0141001e+00 1.5183229e+01 
3.0160999e+00 1.5176682e+01 
3.0181000e+00 1.5167922e+01 
3.0201001e+00 1.5156948e+01 
3.0221000e+00 1.5143759e+01 
3.0241001e+00 1.5128354e+01 
3.0260999e+00 1.5110734e+01 
3.0281000e+00 1.5090899e+01 
3.0301001e+00 1.5068853e+01 
3.0321000e+00 1.5044598e+01 
3.0341001e+00 1.5018137e+01 
3.0360999e+00 1.4989474e+01 
3.0381000e+00 1.4958614e+01 
3.0401001e+00 1.4925564e+01 
3.0421000e+00 1.4890329e+01 
3.0441000e+00 1.4852916e+01 
3.0460999e+00 1.4813334e+01 
3.0481000e+00 1.4771590e+01 
3.0501001e+00 1.4727695e+01 
3.0520999e+00 1.4681658e+01 
3.0541000e+00 1.4633491e+01 
3.0560999e+00 1.4583203e+01 
3.0581000e+00 1.4530808e+01 
3.0601001e+00 1.4476319e+01 
3.0620999e+00 1.4419749e+01 
3.0641000e+00 1.4361113e+01 
3.0660999e+00 1.4300424e+01 
3.0681000e+00 1.4237700e+01 
3.0701001e+00 1.4172955e+01 
3.0720999e+00 1.4106208e+01 
3.0741000e+00 1.4037474e+01 
3.0761001e+00 1.3966775e+01 
3.0781000e+00 1.3894126e+01 
3.0801001e+00 1.3819550e+01 
3.0820999e+00 1.3743063e+01 
3.0841000e+00 1.3664690e+01 
3.0861001e+00 1.3584450e+01 
3.0881000e+00 1.3502365e+01 
3.0901000e+00 1.3418458e+01 
3.0920999e+00 1.3332752e+01 
3.0941000e+00 1.3245272e+01 
3.0961001e+00 1.3156040e+01 
3.0980999e+00 1.3065082e+01 
3.1001000e+00 1.2972424e+01 
3.1020999e+00 1.2878090e+01 
3.1041000e+00 1.2782108e+01 
3.1061001e+00 1.2684505e+01 
3.1080999e+00 1.2585307e+01 
3.1101000e+00 1.2484544e+01 
3.1120999e+00 1.2382242e+01 
3.1141000e+00 1.2278432e+01 
3.1161001e+00 1.2173141e+01 
3.1180999e+00 1.2066401e+01 
3.1201000e+00 1.1958241e+01 
3.1221001e+00 1.1848693e+01 
3.1241000e+00 1.1737785e+01 
3.1261001e+00 1.1625551e+01 
3.1280999e+00 1.1512022e+01 
3.1301000e+00 1.1397231e+01 
3.1321001e+00 1.1281209e+01 
3.1341000e+00 1.1163990e+01 
3.1361001e+00 1.1045606e+01 
3.1380999e+00 1.0926090e+01 
3.1401000e+00 1.0805478e+01 
3.1421001e+00 1.0683803e+01 
3.1441000e+00 1.0561099e+01 
3.1461000e+00 1.0437400e+01 
3.1480999e+00 1.0312742e+01 
3.1501000e+00 1.0187160e+01 
3.1521001e+00 1.0060688e+01 
3.1540999e+00 9.9333630e+00 
3.1561000e+00 9.8052187e+00 
3.1580999e+00 9.6762924e+00 
3.1601000e+00 9.5466185e+00 
3.1621001e+00 9.4162359e+00 
3.1640999e+00 9.2851782e+00 
3.1661000e+00 9.1534815e+00 
3.1681001e+00 9.0211830e+00 
3.1701000e+00 8.8883200e+00 
3.1721001e+00 8.7549276e+00 
3.1740999e+00 8.6210432e+00 
3.1761000e+00 8.4867020e+00 
3.1781001e+00 8.3519421e+00 
3.1795001e+00 8.2573795e+00 
3.1845000e+00 7.9998345e+00 
3.1895001e+00 7.7424436e+00 
3.1945000e+00 7.4852195e+00 
3.1995001e+00 7.2281756e+00 
3.2045000e+00 6.9713297e+00 
3.2095001e+00 6.7146983e+00 
3.2145000e+00 6.4583030e+00 
3.2195001e+00 6.2021675e+00 
3.2244999e+00 5.9463191e+00 
3.2295001e+00 5.6907902e+00 
3.2344999e+00 5.4356174e+00 
3.2395000e+00 5.1808457e+00 
3.2444999e+00 4.9265265e+00 
3.2495000e+00 4.6727223e+00 
3.2544999e+00 4.4195094e+00 
3.2595000e+00 4.1669798e+00 
3.2644999e+00 3.9152489e+00 
3.2695000e+00 3.6644592e+00 
3.2744999e+00 3.4147944e+00 
3.2795000e+00 3.1664903e+00 
3.2844999e+00 2.9198587e+00 
3.2895000e+00 2.6753197e+00 
3.2945001e+00 2.4334497e+00 
3.2995000e+00 2.1950643e+00 
3.3045001e+00 1.9613479e+00 
3.3095000e+00 1.7340780e+00 
3.3145001e+00 1.5160123e+00 
3.3195000e+00 1.3115621e+00 
3.3245001e+00 1.1279186e+00 
3.3295000e+00 9.7661000e-01 
3.3345001e+00 8.7429470e-01 
3.3395000e+00 8.3887523e-01 
3.3433599e+00 8.6302334e-01 
